,Prob_0,Prob_1,Prob_2,Prob_3
0,0.18965876,0.14548294,0.5803239,0.084534414
1,0.40045884,0.10529627,0.23905991,0.255185
2,0.28513676,0.5441648,0.14012204,0.030576441
3,0.19942977,0.008436578,0.11114546,0.6809882
4,0.14773487,0.015103245,0.37197384,0.46518803
5,0.23851892,0.40377775,0.18645132,0.17125201
6,0.13828814,0.17163178,0.039573934,0.65050614
7,0.77961016,0.024444444,0.062222224,0.1337232
8,0.58481276,0.1003416,0.20148937,0.113356255
9,0.48820126,0.031443994,0.3048824,0.17547233
10,0.06365448,0.81564677,0.06691679,0.053781953
11,0.6599248,0.08992481,0.025050126,0.22510025
12,0.002469136,0.95363486,0.043895982,0.0
13,0.24853118,0.35269725,0.0886876,0.31008396
14,0.038216956,0.90664095,0.04712732,0.008014755
15,0.18785381,0.393308,0.2602585,0.15857969
16,0.14212088,0.2516923,0.596663,0.00952381
17,0.14320047,0.63882667,0.102134645,0.115838185
18,0.17170681,0.06302595,0.14258304,0.6226842
19,0.008920749,0.966917,0.024162257,0.0
20,0.76402116,0.0,0.028571429,0.2074074
21,0.81048733,0.004210526,0.010526316,0.17477582
22,0.426463,0.06685069,0.46201694,0.044669367
23,0.15302533,0.022875817,0.40704277,0.41705608
24,0.44534838,0.110427804,0.31453887,0.12968494
25,0.20211914,0.004210526,0.0946746,0.6989957
26,0.10001876,0.41296986,0.185204,0.30180737
27,0.26084647,0.14737488,0.06345259,0.52832603
28,0.15704945,0.44094896,0.11541467,0.2865869
29,0.1388949,0.041156016,0.6443117,0.17563733
30,0.2207035,0.07426737,0.33920363,0.3658255
31,0.20851852,0.031350113,0.6719943,0.08813701
32,0.13369226,0.7283662,0.13079867,0.007142857
33,0.24109656,0.35192043,0.36550963,0.041473404
34,0.26914173,0.09025728,0.597502,0.043099005
35,0.097707234,0.6480448,0.23602849,0.018219462
36,0.115493275,0.12863979,0.747095,0.00877193
37,0.24807653,0.23225392,0.48282745,0.036842104
38,0.2691204,0.07782003,0.57013273,0.08292683
39,0.030169718,0.8293973,0.13424742,0.006185567
40,0.06029777,0.034080267,0.8534275,0.052194413
41,0.13427512,0.332263,0.119753696,0.4137082
42,0.20726554,0.2351963,0.40303433,0.15450384
43,0.015147265,0.08074534,0.86877716,0.035330262
44,0.6099984,0.030952813,0.29118592,0.06786284
45,0.060458753,0.11666667,0.014814815,0.80805975
46,0.327109,0.21299087,0.28288403,0.17701606
47,0.23565136,0.42724583,0.094338626,0.24276419
48,0.12986255,0.12559497,0.708736,0.03580645
49,0.08416005,0.4080297,0.30579305,0.2020172
50,0.6435882,0.031081019,0.29208335,0.033247456
51,0.093977496,0.74836206,0.067391306,0.09026915
52,0.19666535,0.1431781,0.2247877,0.43536884
53,0.06531771,0.7806435,0.049787436,0.10425132
54,0.21034583,0.139598,0.18402314,0.466033
55,0.500401,0.20659147,0.04171679,0.25129074
56,0.14726818,0.037548512,0.6252209,0.1899624
57,0.041349843,0.8521443,0.10032032,0.006185567
58,0.095007196,0.6049768,0.053403214,0.24661282
59,0.7821164,0.07857143,0.021666666,0.1176455
60,0.14058143,0.31739813,0.119753696,0.42226675
61,0.7146867,0.004210526,0.010526316,0.27057645
62,0.027974408,0.83438706,0.11616878,0.021469746
63,0.16510765,0.57063633,0.15127465,0.11298136
64,0.23627955,0.004210526,0.08015079,0.67935914
65,0.03345505,0.89729685,0.063614294,0.0056338026
66,0.31034848,0.030451613,0.55960643,0.0995935
67,0.4092936,0.005263158,0.5561585,0.029284751
68,0.29500687,0.14737488,0.048928775,0.50868946
69,0.12693304,0.49341545,0.060758986,0.31889254
70,0.12499661,0.7957095,0.07215106,0.007142857
71,0.029730598,0.26175725,0.6639557,0.04455645
72,0.14259534,0.004210526,0.08015079,0.77304333
73,0.60941917,0.24437766,0.064670235,0.08153298
74,0.13690446,0.17255825,0.32489392,0.36564338
75,0.1180303,0.23621212,0.16401514,0.4817424
76,0.38661867,0.042577993,0.12620184,0.4446015
77,0.11492726,0.051754463,0.61828107,0.2150372
78,0.8065121,0.02581786,0.10100334,0.06666667
79,0.18139382,0.11911863,0.5049478,0.19453977
80,0.15612753,0.58815765,0.10995742,0.14575739
81,0.30173746,0.013436578,0.13076085,0.5540651
82,0.48417705,0.18542781,0.11744801,0.21294712
83,0.48970658,0.13203463,0.0987975,0.27946126
84,0.18943673,0.10323436,0.1635686,0.5437603
85,0.572908,0.10748446,0.10148937,0.21811816
86,0.8212373,0.05346856,0.024215687,0.10107843
87,0.09990916,0.5260552,0.061736546,0.3122991
88,0.56498736,0.030952813,0.26236108,0.14169876
89,0.186651,0.0535912,0.6093679,0.15038987
90,0.13249394,0.54138404,0.1757481,0.1503739
91,0.094672166,0.11954887,0.75120056,0.034578383
92,0.16772847,0.006214356,0.24210109,0.58395606
93,0.18951167,0.12085813,0.6550518,0.034578383
94,0.7146867,0.004210526,0.010526316,0.27057645
95,0.78333336,0.0044444446,0.053888887,0.15833333
96,0.7729224,0.025689656,0.10010591,0.10128205
97,0.15486714,0.40073144,0.1388013,0.30560008
98,0.07916789,0.32550797,0.023491895,0.57183224
99,0.33036253,0.041647058,0.29268944,0.33530098
100,0.24432094,0.24234882,0.4898008,0.023529412
101,0.3007076,0.047674738,0.6119773,0.03964036
102,0.21381724,0.16210797,0.02534113,0.59873366
103,0.23328587,0.020366402,0.46822712,0.2781206
104,0.7895238,0.07857143,0.021666666,0.1102381
105,0.87285715,0.0,0.01452381,0.11261905
106,0.10243287,0.15057915,0.02904762,0.71794033
107,0.19206901,0.014285714,0.069624476,0.7240208
108,0.058960326,0.84289753,0.071038604,0.027103549
109,0.43656632,0.014354067,0.5197949,0.029284751
110,0.1043318,0.055677805,0.7002814,0.139709
111,0.29869032,0.093276925,0.276473,0.33155978
112,0.06638796,0.33752587,0.041109253,0.5549769
113,0.06917171,0.6502891,0.10061024,0.17992896
114,0.12517573,0.17853571,0.26600856,0.43028
115,0.045132782,0.123114154,0.76430744,0.06744565
116,0.23627955,0.004210526,0.08015079,0.67935914
117,0.26257542,0.09066667,0.32546255,0.32129538
118,0.13091645,0.06322046,0.761855,0.0440081
119,0.36104935,0.123330064,0.3535905,0.16203007
120,0.02108576,0.6719456,0.20197445,0.10499419
121,0.051500924,0.80917424,0.121677786,0.01764706
122,0.11711246,0.4660294,0.043929532,0.37292862
123,0.07709766,0.8051504,0.103551656,0.014200322
124,0.09867151,0.012881023,0.381863,0.50658447
125,0.87497354,0.0,0.01452381,0.110502645
126,0.19666667,0.0,0.3497619,0.45357144
127,0.3568239,0.17927773,0.10403281,0.35986558
128,0.07928073,0.69937277,0.16679166,0.054554865
129,0.15120547,0.17720546,0.47999695,0.19159211
130,0.20633964,0.014285714,0.106408745,0.6729659
131,0.17686698,0.020855615,0.5732282,0.2290492
132,0.51702565,0.14936121,0.23426248,0.099350646
133,0.08134339,0.8489596,0.033333335,0.036363635
134,0.11448142,0.5574916,0.23004486,0.09798214
135,0.10350917,0.18514493,0.11497289,0.596373
136,0.24131835,0.27730978,0.023491895,0.45788
137,0.08936508,0.014285714,0.24817461,0.6481746
138,0.029308755,0.045714285,0.8496467,0.07533026
139,0.002469136,0.95363486,0.043895982,0.0
140,0.04802564,0.0672451,0.7305098,0.15421946
141,0.1319693,0.5297146,0.3147867,0.023529412
142,0.04389209,0.11542184,0.74743396,0.09325211
143,0.61980873,0.18918285,0.028739495,0.1622689
144,0.06433763,0.06486487,0.01,0.8607975
145,0.19789259,0.3305642,0.46277127,0.00877193
146,0.027272727,0.01909091,0.94363636,0.01
147,0.58481276,0.1003416,0.20148937,0.113356255
148,0.08813418,0.004210526,0.14068964,0.7669657
149,0.40610042,0.013221525,0.3731446,0.20753346
150,0.20211914,0.004210526,0.0946746,0.6989957
151,0.1415427,0.0,0.3908776,0.4675797
152,0.5791353,0.010263158,0.3177387,0.09286284
153,0.30216742,0.2207578,0.3887262,0.0883486
154,0.065366276,0.8693038,0.039668113,0.025661813
155,0.6214035,0.004210526,0.014035088,0.36035088
156,0.23279221,0.007142857,0.01,0.7500649
157,0.02712542,0.06666667,0.014814815,0.8913931
158,0.29554495,0.34696317,0.32832867,0.029163215
159,0.78082705,0.0,0.1,0.11917293
160,0.12280698,0.024645729,0.45130152,0.4012458
161,0.1415427,0.0,0.3908776,0.4675797
162,0.11423033,0.5612676,0.07005013,0.2544519
163,0.77021164,0.08571429,0.024047619,0.120026454
164,0.8649215,0.05346856,0.019215686,0.06239422
165,0.10483386,0.27867797,0.61648816,0.0
166,0.25094768,0.04100427,0.38511705,0.32293102
167,0.122257166,0.6938146,0.10306546,0.08086283
168,0.104119144,0.0122105265,0.1136746,0.76999575
169,0.64632034,0.074891776,0.09350649,0.18528138
170,0.13063544,0.038260434,0.54252005,0.2885841
171,0.014583333,0.21958333,0.7370833,0.02875
172,0.16358767,0.006214356,0.146863,0.68333495
173,0.10547001,0.73848563,0.14076018,0.015284178
174,0.45249125,0.10804685,0.31215793,0.12730399
175,0.25893724,0.15594585,0.55002916,0.03508772
176,0.104876034,0.014285714,0.1111157,0.7697225
177,0.26025432,0.062987015,0.046363637,0.630395
178,0.280291,0.24550265,0.1790344,0.29517195
179,0.13779756,0.06274494,0.7631417,0.03631579
180,0.24468805,0.15349752,0.22630285,0.3755116
181,0.09826415,0.18464145,0.69128793,0.025806451
182,0.23950255,0.14712344,0.2121867,0.40118733
183,0.058960326,0.84289753,0.071038604,0.027103549
184,0.0072310404,0.962979,0.027409011,0.0023809525
185,0.572908,0.10748446,0.10148937,0.21811816
186,0.3277558,0.40500063,0.1113933,0.15585025
187,0.006451613,0.03857143,0.9096467,0.04533026
188,0.5409967,0.028384615,0.2164136,0.21420513
189,0.31374663,0.018912768,0.29288405,0.37445655
190,0.046111748,0.8614884,0.083833344,0.008566519
191,0.6097659,0.005,0.17446488,0.21076924
192,0.39036795,0.062987015,0.046363637,0.5002814
193,0.15107769,0.054489348,0.64595205,0.14848092
194,0.037440475,0.22672619,0.6770833,0.05875
195,0.027272727,0.19051948,0.7722078,0.01
196,0.17871518,0.020670727,0.724912,0.07570208
197,0.14325814,0.004210526,0.09957393,0.7529574
198,0.72006214,0.094409935,0.10148033,0.084047616
199,0.13600713,0.7298956,0.10497835,0.02911892
200,0.0998781,0.022285715,0.09963951,0.7781967
201,0.11449538,0.0059804376,0.1120092,0.767515
202,0.03658794,0.8558607,0.06088962,0.046661757
203,0.08754386,0.0153216375,0.5118755,0.38525897
204,0.23364598,0.42978722,0.09613931,0.24042751
205,0.12582672,0.123809524,0.014814815,0.7355489
206,0.4329774,0.03070764,0.23339687,0.30291808
207,0.15991482,0.71324533,0.06904762,0.05779221
208,0.13440925,0.22343358,0.04438875,0.5977684
209,0.48970658,0.13203463,0.0987975,0.27946126
210,0.20211914,0.004210526,0.0946746,0.6989957
211,0.19771929,0.004210526,0.03903509,0.7590351
212,0.644824,0.008695652,0.11195652,0.2345238
213,0.27864328,0.056982458,0.41521248,0.2491618
214,0.28285795,0.54134005,0.11276974,0.06303223
215,0.5018005,0.026814127,0.27614695,0.19523847
216,0.19625902,0.008436578,0.09224302,0.7030614
217,0.17484811,0.017091548,0.20978238,0.598278
218,0.18164012,0.023565365,0.23305576,0.5617387
219,0.048269868,0.82357216,0.074375995,0.053781953
220,0.054198418,0.83355343,0.08752558,0.024722595
221,0.061693016,0.08760211,0.84070486,0.01
222,0.33413568,0.13159393,0.40191165,0.13235873
223,0.29400483,0.26741412,0.29679614,0.14178492
224,0.14259534,0.004210526,0.08015079,0.77304333
225,0.24540342,0.24917893,0.49664572,0.00877193
226,0.28528085,0.011579818,0.5529062,0.1502331
227,0.39036795,0.062987015,0.046363637,0.5002814
228,0.14408863,0.0122105265,0.11016583,0.733535
229,0.16884781,0.69662005,0.07673993,0.05779221
230,0.23803675,0.004210526,0.20316207,0.55459064
231,0.0886085,0.49073318,0.052206118,0.36845222
232,0.027064128,0.91300356,0.041842,0.018090328
233,0.23948796,0.52673566,0.15646502,0.07731136
234,0.17068793,0.04843658,0.12155537,0.6593201
235,0.23674618,0.031350113,0.5808759,0.15102783
236,0.20732462,0.36420113,0.41331664,0.015157612
237,0.4021792,0.2503105,0.19744918,0.15006112
238,0.29501754,0.18189473,0.47747368,0.045614034
239,0.61343455,0.030952813,0.21391389,0.14169876
240,0.05753532,0.8734568,0.06337412,0.0056338026
241,0.09558143,0.7855799,0.041095685,0.07774295
242,0.04376433,0.866369,0.07804728,0.01181937
243,0.45200488,0.04949918,0.21890244,0.2795935
244,0.12282792,0.31745645,0.5239092,0.03580645
245,0.09791667,0.18636364,0.01,0.7057197
246,0.22431792,0.23025975,0.17274442,0.37267792
247,0.044004932,0.7405666,0.12174289,0.09368557
248,0.012778414,0.84270704,0.13832897,0.006185567
249,0.1630328,0.14207189,0.3671662,0.32772914
250,0.28154218,0.40493447,0.17809583,0.1354275
251,0.18020935,0.18401316,0.5448627,0.090914786
252,0.21395022,0.20230405,0.12957394,0.4541718
253,0.14259534,0.004210526,0.08015079,0.77304333
254,0.17170085,0.5909068,0.17408662,0.06330576
255,0.23702472,0.34960935,0.21224381,0.20112213
256,0.14259534,0.004210526,0.08015079,0.77304333
257,0.25640053,0.07342257,0.37781546,0.29236144
258,0.07379118,0.79732233,0.10560563,0.02328086
259,0.1969754,0.030576441,0.020526316,0.75192183
260,0.26406416,0.16782562,0.48763272,0.08047746
261,0.09157582,0.63438857,0.07840321,0.19563243
262,0.33707094,0.05631072,0.46606198,0.14055638
263,0.2902839,0.037194747,0.26904202,0.40347937
264,0.25869673,0.02685046,0.5016332,0.21281955
265,0.3809508,0.272593,0.19094662,0.15550958
266,0.11611053,0.54406476,0.041711368,0.29811332
267,0.13071735,0.062391028,0.22099796,0.58589363
268,0.15163057,0.5733318,0.09790538,0.1771323
269,0.24109656,0.35192043,0.36550963,0.041473404
270,0.24979988,0.04279063,0.49907985,0.20832965
271,0.14179416,0.6157141,0.11352037,0.12897137
272,0.24948789,0.044292178,0.58150256,0.12471738
273,0.21324597,0.030531881,0.5477034,0.20851876
274,0.15456723,0.6457956,0.07590544,0.12373172
275,0.12933323,0.6294269,0.15824191,0.08299795
276,0.41663593,0.22173579,0.055069126,0.30655915
277,0.26364118,0.017756097,0.15840839,0.5601944
278,0.23039015,0.35653132,0.2627046,0.1503739
279,0.05654584,0.82867277,0.09331164,0.021469746
280,0.35949308,0.20030722,0.04340246,0.39679724
281,0.048526235,0.8757131,0.06156031,0.014200322
282,0.56498736,0.030952813,0.26236108,0.14169876
283,0.2181149,0.03823227,0.57548803,0.1681648
284,0.07855309,0.80666643,0.08911866,0.025661813
285,0.34094262,0.34236327,0.16084385,0.15585025
286,0.3884564,0.20885304,0.2760004,0.12669015
287,0.13069205,0.5107354,0.10151433,0.2570582
288,0.03345505,0.89729685,0.063614294,0.0056338026
289,0.4905544,0.12139423,0.21201569,0.17603567
290,0.692247,0.025689656,0.11836732,0.16369607
291,0.06938533,0.08620351,0.83441114,0.01
292,0.2333969,0.052402746,0.5550386,0.15916179
293,0.047575757,0.33859307,0.09015152,0.5236797
294,0.11126111,0.10676692,0.039573934,0.742398
295,0.109375566,0.24424022,0.46151543,0.18486878
296,0.48719028,0.08175978,0.38638055,0.044669367
297,0.25597754,0.5759283,0.11530778,0.052786402
298,0.7729224,0.025689656,0.10010591,0.10128205
299,0.060371518,0.03239963,0.602435,0.30479383
300,0.23889491,0.022406016,0.5630618,0.17563733
301,0.15047343,0.11005053,0.7131602,0.02631579
302,0.71551377,0.082781956,0.017669173,0.1840351
303,0.33545828,0.23944102,0.15606314,0.26903757
304,0.34105566,0.24344938,0.35512346,0.060371518
305,0.075425625,0.30100167,0.27699372,0.346579
306,0.017665131,0.7640649,0.17798579,0.04028418
307,0.35988617,0.029422764,0.19119512,0.41949594
308,0.46162927,0.029263157,0.49124473,0.01786284
309,0.4329774,0.03070764,0.23339687,0.30291808
310,0.16216479,0.039205234,0.62169874,0.17693122
311,0.15313143,0.12849799,0.6815285,0.036842104
312,0.1963046,0.0,0.13968714,0.66400826
313,0.06937799,0.040143542,0.8541627,0.03631579
314,0.07064394,0.05,0.01,0.86935604
315,0.28125453,0.17207842,0.08592628,0.46074077
316,0.8649215,0.05346856,0.019215686,0.06239422
317,0.019230027,0.93598914,0.038595248,0.006185567
318,0.07893825,0.7628524,0.03007326,0.12813611
319,0.048526235,0.8908647,0.046408795,0.014200322
320,0.6792525,0.031081019,0.24499711,0.044669367
321,0.09665072,0.04923445,0.81779903,0.03631579
322,0.022615656,0.95505357,0.019949803,0.0023809525
323,0.01675485,0.9439314,0.027409011,0.011904762
324,0.27715558,0.21378915,0.3173593,0.19169596
325,0.18251343,0.05800923,0.20096096,0.5585164
326,0.29945886,0.035714287,0.01,0.6548268
327,0.32468435,0.021436578,0.1358584,0.51802063
328,0.55714285,0.0,0.125,0.31785715
329,0.4160026,0.013564783,0.11339687,0.45703572
330,0.08111001,0.77847487,0.0804476,0.059967518
331,0.08061925,0.38109544,0.30149853,0.23678675
332,0.034965035,0.026783217,0.92825174,0.01
333,0.23429027,0.16698565,0.55311006,0.045614034
334,0.07977591,0.7841938,0.06624552,0.069784746
335,0.56627005,0.049627382,0.20153846,0.18256411
336,0.17671184,0.7210878,0.081147686,0.021052632
337,0.012778414,0.84270704,0.13832897,0.006185567
338,0.04376433,0.866369,0.07804728,0.01181937
339,0.08813418,0.004210526,0.14068964,0.7669657
340,0.027272727,0.01909091,0.94363636,0.01
341,0.22420305,0.5111433,0.03430717,0.23034644
342,0.19377515,0.5366085,0.13388771,0.13572863
343,0.08813418,0.004210526,0.14068964,0.7669657
344,0.3555042,0.018699735,0.25707662,0.3687194
345,0.08210944,0.7334736,0.10812899,0.07628799
346,0.19735873,0.4827989,0.13706988,0.18277249
347,0.14408863,0.0122105265,0.11016583,0.733535
348,0.16047658,0.16298203,0.2357545,0.44078687
349,0.087570496,0.034475524,0.83445525,0.04349876
350,0.23752458,0.03823227,0.61222947,0.11201369
351,0.92606515,0.0,0.00952381,0.06441103
352,0.692247,0.025689656,0.11836732,0.16369607
353,0.692247,0.025689656,0.11836732,0.16369607
354,0.07379118,0.79732233,0.10560563,0.02328086
355,0.12076343,0.20008688,0.120352805,0.5587969
356,0.2989916,0.2279937,0.33221638,0.14079832
357,0.25006914,0.12965368,0.05117845,0.5690987
358,0.27079287,0.5047541,0.0709525,0.15350053
359,0.27800363,0.24516143,0.12724015,0.3495948
360,0.067403995,0.055238094,0.7544086,0.12294931
361,0.027974408,0.89923555,0.051320296,0.021469746
362,0.16742425,0.0,0.01,0.82257575
363,0.03969231,0.03391177,0.77217644,0.15421946
364,0.117946655,0.0017699115,0.11335873,0.76692474
365,0.17508027,0.59336454,0.16487002,0.06668518
366,0.022427035,0.7205216,0.20962428,0.047427036
367,0.20147489,0.55269724,0.13641487,0.10941297
368,0.20730995,0.02631579,0.6072125,0.15916179
369,0.109611996,0.8036349,0.079610266,0.007142857
370,0.39219126,0.04105803,0.37307036,0.19368036
371,0.69666666,0.0,0.1,0.20333333
372,0.26000366,0.09296412,0.520423,0.1266092
373,0.023212504,0.90504295,0.052655753,0.019088794
374,0.34022585,0.09373285,0.21898618,0.34705514
375,0.48830003,0.12489925,0.24700035,0.13980038
376,0.15140393,0.26674876,0.1388013,0.44304597
377,0.133711,0.18571429,0.43224958,0.24832512
378,0.87497354,0.0,0.01452381,0.110502645
379,0.81789476,0.004210526,0.010526316,0.16736843
380,0.5143185,0.18774493,0.07174603,0.22619048
381,0.27610135,0.014285714,0.003508772,0.70610416
382,0.17509753,0.14631537,0.19507903,0.48350808
383,0.01638796,0.06939003,0.9046982,0.00952381
384,0.031360038,0.7986766,0.045054946,0.124908425
385,0.4160026,0.013564783,0.11339687,0.45703572
386,0.06633139,0.35523334,0.16763574,0.41079953
387,0.13649525,0.35182318,0.25239253,0.25928903
388,0.06279971,0.69521135,0.1886095,0.053379416
389,0.23027639,0.042905983,0.34842435,0.37839326
390,0.25055018,0.004210526,0.11693506,0.62830424
391,0.11328199,0.7190234,0.10283455,0.06486003
392,0.40210545,0.029263157,0.5341019,0.034529507
393,0.2181149,0.03823227,0.57548803,0.1681648
394,0.692247,0.025689656,0.11836732,0.16369607
395,0.08813418,0.004210526,0.14068964,0.7669657
396,0.08813418,0.004210526,0.14068964,0.7669657
397,0.7164754,0.13918285,0.033739496,0.11060224
398,0.04445543,0.8151116,0.12234266,0.018090328
399,0.13756533,0.032631915,0.44182667,0.38797605
400,0.1780375,0.39497676,0.033403214,0.39358252
401,0.7564754,0.11918285,0.020406162,0.10393558
402,0.21274891,0.31969696,0.18190476,0.28564936
403,0.104119144,0.0122105265,0.1136746,0.76999575
404,0.19694886,0.15068278,0.42768782,0.22468053
405,0.61343455,0.030952813,0.21391389,0.14169876
406,0.21155061,0.2453852,0.49669826,0.046365913
407,0.06978276,0.5343305,0.037321936,0.35856482
408,0.4251196,0.040574163,0.10098086,0.43332535
409,0.110374026,0.66918606,0.03458886,0.18585105
410,0.59994215,0.010391363,0.3199971,0.069669366
411,0.12837633,0.5276712,0.12744147,0.21651098
412,0.10314727,0.095221534,0.7758247,0.025806451
413,0.6721284,0.18914679,0.10174349,0.03698134
414,0.09791667,0.18636364,0.01,0.7057197
415,0.11743503,0.5934879,0.0865088,0.20256825
416,0.058579143,0.8077959,0.073657475,0.059967518
417,0.12361819,0.006214356,0.15037178,0.7197957
418,0.14845422,0.038611714,0.4728469,0.34008718
419,0.20267858,0.08571429,0.01,0.70160717
420,0.23279221,0.007142857,0.01,0.7500649
421,0.17508538,0.024013158,0.5909784,0.20992306
422,0.017540319,0.85205114,0.121842,0.008566519
423,0.75943136,0.052030653,0.062222224,0.12631579
424,0.4139961,0.004210526,0.014035088,0.56775826
425,0.13451219,0.090926476,0.35363576,0.4209256
426,0.08090909,0.38859308,0.09015152,0.44034633
427,0.18824442,0.044675894,0.1400253,0.6270544
428,0.021474067,0.6609915,0.31134886,0.006185567
429,0.048526235,0.8908647,0.046408795,0.014200322
430,0.09791667,0.18636364,0.01,0.7057197
431,0.23161009,0.009769912,0.12197411,0.6366459
432,0.42220807,0.21656592,0.14498885,0.21623716
433,0.5079285,0.025952812,0.3744199,0.09169876
434,0.7221785,0.094409935,0.10148033,0.08193122
435,0.13063544,0.038260434,0.54252005,0.2885841
436,0.13704944,0.4333299,0.095414676,0.33420596
437,0.21054524,0.12729011,0.33297458,0.32919005
438,0.29518133,0.031350113,0.5651031,0.108365424
439,0.3123712,0.41292605,0.11885251,0.15585025
440,0.3404277,0.035929825,0.42527705,0.19836542
441,0.06433763,0.06486487,0.01,0.8607975
442,0.042419992,0.06126482,0.87050873,0.025806451
443,0.35709438,0.029263157,0.50527704,0.108365424
444,0.13191324,0.022875817,0.5402322,0.3049788
445,0.13961168,0.044675894,0.22263223,0.5930802
446,0.147432,0.5863967,0.070851505,0.19531977
447,0.23204558,0.05891277,0.32909417,0.37994748
448,0.19283588,0.182679,0.19663113,0.42785397
449,0.2817843,0.046113804,0.26227623,0.40982568
450,0.14459445,0.15676692,0.039573934,0.6590647
451,0.81789476,0.004210526,0.010526316,0.16736843
452,0.15612753,0.47982433,0.13079076,0.23325738
453,0.060458753,0.11666667,0.014814815,0.80805975
454,0.73925924,0.0,0.105,0.15574074
455,0.32009658,0.16496031,0.30380934,0.21113376
456,0.07814689,0.7334135,0.080007814,0.10843175
457,0.31107295,0.25583485,0.3683863,0.064705886
458,0.11449538,0.0059804376,0.1120092,0.767515
459,0.16651994,0.01954769,0.12870051,0.68523186
460,0.10331367,0.56131786,0.16926478,0.1661037
461,0.7646867,0.004210526,0.015526316,0.21557644
462,0.058579143,0.7926443,0.08880899,0.059967518
463,0.3090371,0.013734336,0.350163,0.32706556
464,0.17716464,0.061826304,0.6375281,0.12348092
465,0.52677697,0.08042781,0.2778722,0.11492304
466,0.08601504,0.12992482,0.72401005,0.060050126
467,0.08083973,0.04234447,0.7586941,0.11812169
468,0.6743143,0.020689655,0.06446488,0.24053113
469,0.5704589,0.23248178,0.077009186,0.120050125
470,0.09791667,0.18636364,0.01,0.7057197
471,0.098384805,0.014285714,0.069624476,0.81770504
472,0.2608637,0.17327935,0.5125506,0.05330634
473,0.12361819,0.006214356,0.15037178,0.7197957
474,0.13532163,0.0153216375,0.38131997,0.46803677
475,0.0076923077,0.017692307,0.9646154,0.01
476,0.62528896,0.12891303,0.14910842,0.09668958
477,0.020685455,0.932923,0.028744468,0.01764706
478,0.043124743,0.7692648,0.045054946,0.14255549
479,0.33413568,0.13159393,0.40191165,0.13235873
480,0.14738134,0.14631537,0.18754022,0.51876307
481,0.0875604,0.0017699115,0.347736,0.5629337
482,0.5907268,0.26466164,0.06641604,0.07819549
483,0.2825518,0.08523928,0.28063148,0.35157743
484,0.41753194,0.011579818,0.5464127,0.024475524
485,0.33202675,0.010391363,0.49857685,0.15900503
486,0.035558756,0.101136126,0.770053,0.09325211
487,0.19046462,0.070377216,0.26497105,0.47418714
488,0.019230027,0.931407,0.043177456,0.006185567
489,0.081695214,0.7935975,0.06451862,0.06018867
490,0.73717946,0.0044444446,0.07952991,0.17884615
491,0.32867748,0.031443994,0.47273955,0.16713901
492,0.22786629,0.05263158,0.6278034,0.09169876
493,0.303946,0.004210526,0.10314536,0.58869815
494,0.122184664,0.5723119,0.16131511,0.14418833
495,0.06550633,0.7810381,0.06448842,0.08896714
496,0.4905544,0.12139423,0.21201569,0.17603567
497,0.058463205,0.06909091,0.82292205,0.049523808
498,0.4377698,0.029263157,0.48701563,0.04595142
499,0.05516552,0.7872438,0.037254192,0.12033651
500,0.3700645,0.33891267,0.11937442,0.17164841
501,0.49968103,0.074515834,0.056413762,0.36938938
502,0.1328602,0.09524817,0.13849796,0.63339365
503,0.3558909,0.014354067,0.53805625,0.09169876
504,0.4650085,0.038693827,0.26983115,0.22646654
505,0.692247,0.025689656,0.11836732,0.16369607
506,0.3293782,0.029263157,0.49773824,0.14362042
507,0.13249394,0.54138404,0.1757481,0.1503739
508,0.04445543,0.8151116,0.12234266,0.018090328
509,0.014233842,0.84422314,0.12389598,0.01764706
510,0.6289223,0.18466166,0.025313282,0.16110276
511,0.05360157,0.89871556,0.039668113,0.008014755
512,0.02544736,0.9422671,0.012257496,0.020028012
513,0.027272727,0.01909091,0.94363636,0.01
514,0.36101583,0.076422766,0.29503262,0.2675288
515,0.19118606,0.015542522,0.6510155,0.14225589
516,0.19206901,0.014285714,0.069624476,0.7240208
517,0.104833126,0.0017699115,0.3936451,0.49975187
518,0.8065121,0.02581786,0.10100334,0.06666667
519,0.045132782,0.2344185,0.6616987,0.05875
520,0.21459872,0.0,0.18690476,0.59849656
521,0.16532417,0.5299499,0.19413832,0.11058762
522,0.426463,0.06685069,0.46201694,0.044669367
523,0.30216742,0.2207578,0.3887262,0.0883486
524,0.021474067,0.8782209,0.09411943,0.006185567
525,0.017540319,0.9320512,0.041842,0.008566519
526,0.29567668,0.0877193,0.020526316,0.5960777
527,0.031360038,0.7986766,0.045054946,0.124908425
528,0.20997794,0.051164363,0.18448038,0.5543773
529,0.19965124,0.042577993,0.12971061,0.62806016
530,0.29898518,0.16889729,0.21450746,0.31761009
531,0.7204762,0.014285714,0.005,0.26023808
532,0.13063759,0.027166737,0.19925606,0.6429396
533,0.16112013,0.00952381,0.01,0.8193561
534,0.3558909,0.014354067,0.53805625,0.09169876
535,0.2193399,0.22517163,0.08043038,0.47505808
536,0.279609,0.13481057,0.21015054,0.3754299
537,0.23627955,0.004210526,0.08015079,0.67935914
538,0.5092936,0.005263158,0.43115848,0.05428475
539,0.006451613,0.019523809,0.9286943,0.04533026
540,0.22867736,0.5129085,0.10274909,0.15566503
541,0.05130867,0.027307227,0.7231041,0.19827998
542,0.20359932,0.25305486,0.3122685,0.23107734
543,0.8649215,0.05346856,0.019215686,0.06239422
544,0.060233112,0.8308879,0.044800315,0.06407867
545,0.20171717,0.013333334,0.41511545,0.36983407
546,0.043923654,0.014285714,0.13016333,0.8116273
547,0.22785848,0.018798511,0.50722945,0.24611352
548,0.11606909,0.040018674,0.5978945,0.24601774
549,0.3247691,0.23281385,0.14751804,0.294899
550,0.27530685,0.2660108,0.42951915,0.029163215
551,0.1617983,0.54688925,0.16047636,0.13083611
552,0.69361204,0.005,0.17510591,0.12628205
553,0.03596838,0.06126482,0.9027668,0.0
554,0.048526235,0.8908647,0.046408795,0.014200322
555,0.12693304,0.49341545,0.060758986,0.31889254
556,0.24174604,0.0,0.25769842,0.5005556
557,0.20295793,0.28414464,0.1641959,0.34870154
558,0.7581605,0.020689655,0.06510591,0.15604396
559,0.027974408,0.89923555,0.051320296,0.021469746
560,0.52677697,0.08042781,0.2778722,0.11492304
561,0.67409444,0.25251618,0.034453783,0.038935576
562,0.14908656,0.004210526,0.121642016,0.7250609
563,0.12984382,0.057721294,0.58592105,0.22651383
564,0.16996524,0.111066684,0.54728544,0.17168263
565,0.25215816,0.104385965,0.02534113,0.6181147
566,0.18530476,0.028620372,0.42175022,0.36432466
567,0.0875604,0.0017699115,0.347736,0.5629337
568,0.20997794,0.051164363,0.18448038,0.5543773
569,0.028457558,0.3214001,0.6022852,0.047857143
570,0.2566749,0.023565365,0.11052067,0.6092391
571,0.82482404,0.008695652,0.09195652,0.07452381
572,0.109611996,0.8036349,0.079610266,0.007142857
573,0.22400242,0.095441304,0.020526316,0.66002995
574,0.73714286,0.0,0.105,0.15785715
575,0.037310608,0.0,0.01,0.9526894
576,0.36564475,0.10103953,0.1703044,0.36301133
577,0.11293612,0.37107697,0.08681818,0.4291687
578,0.24001026,0.013699736,0.3849082,0.3613818
579,0.07697802,0.07721612,0.748663,0.09714286
580,0.7580649,0.02581786,0.14945056,0.06666667
581,0.17509753,0.14631537,0.19507903,0.48350808
582,0.26355913,0.2744157,0.26566294,0.19636224
583,0.1388949,0.041156016,0.6443117,0.17563733
584,0.08621837,0.4736176,0.15375116,0.28641284
585,0.1202698,0.03574327,0.59166664,0.2523203
586,0.102678575,0.007142857,0.01,0.8801786
587,0.3350169,0.11787879,0.2602438,0.28686047
588,0.1361987,0.023565365,0.115044475,0.7251915
589,0.22932395,0.4983447,0.21982542,0.052505914
590,0.6515517,0.08695652,0.12065218,0.14083959
591,0.011992945,0.93458724,0.043895982,0.00952381
592,0.31628048,0.3117505,0.2319631,0.14000592
593,0.4697694,0.018827941,0.23971266,0.27169
594,0.17530428,0.72985005,0.07968805,0.015157612
595,0.28581452,0.004210526,0.07260652,0.63736844
596,0.13369226,0.7283662,0.13079867,0.007142857
597,0.21381724,0.16210797,0.02534113,0.59873366
598,0.029308755,0.03536232,0.85130304,0.08402591
599,0.06080851,0.8304777,0.064432986,0.044280805
600,0.037263937,0.67366046,0.13809524,0.1509804
601,0.34908655,0.004210526,0.121642016,0.5250609
602,0.13210659,0.16776888,0.7001245,0.0
603,0.09569231,0.04169231,0.85261536,0.01
604,0.37992993,0.055775512,0.2836978,0.28059673
605,0.14058143,0.5607315,0.05594417,0.24274294
606,0.32172918,0.004210526,0.2074455,0.46661478
607,0.09650053,0.66275376,0.2407457,0.0
608,0.22927263,0.03554266,0.436274,0.2989107
609,0.2155079,0.016695652,0.41071427,0.3570822
610,0.26084647,0.14737488,0.06345259,0.52832603
611,0.34733364,0.12139785,0.25349894,0.27776957
612,0.044856243,0.8181716,0.022821205,0.11415094
613,0.17303534,0.107604295,0.50206965,0.21729068
614,0.08656301,0.53724563,0.19626242,0.17992896
615,0.7729224,0.025689656,0.10010591,0.10128205
616,0.11709957,0.69314504,0.08780732,0.10194805
617,0.4907495,0.0722235,0.2609913,0.17603567
618,0.21084647,0.14737488,0.058452584,0.58332604
619,0.22775784,0.39598277,0.36110178,0.015157612
620,0.24109656,0.35192043,0.36550963,0.041473404
621,0.13880004,0.72778696,0.07528976,0.05812325
622,0.1816657,0.055961058,0.61360323,0.14877
623,0.5306881,0.010263158,0.36618593,0.09286284
624,0.35984507,0.3201237,0.17927171,0.1407595
625,0.15650472,0.11121682,0.14238472,0.58989376
626,0.08426605,0.67560357,0.08355049,0.1565799
627,0.047575757,0.33859307,0.09015152,0.5236797
628,0.14908656,0.004210526,0.121642016,0.7250609
629,0.27044994,0.09229494,0.18413557,0.45311955
630,0.37165612,0.040857766,0.5028637,0.08462242
631,0.21730481,0.4583427,0.18465385,0.13969864
632,0.65350246,0.18404771,0.0154061625,0.14704368
633,0.21957067,0.27721477,0.4839163,0.019298246
634,0.27068794,0.06608364,0.17449655,0.4887319
635,0.44837663,0.004210526,0.044097744,0.5033151
636,0.11972414,0.017091548,0.2508981,0.6122862
637,0.12268525,0.053820033,0.6979055,0.12558922
638,0.03658794,0.8558607,0.06088962,0.046661757
639,0.023212504,0.86132,0.0963787,0.019088794
640,0.061109997,0.15037267,0.7527109,0.03580645
641,0.104833126,0.0017699115,0.3936451,0.49975187
642,0.059780665,0.8184155,0.10966676,0.01213705
643,0.065218434,0.704175,0.06450287,0.1661037
644,0.22400242,0.095441304,0.020526316,0.66002995
645,0.096453786,0.04023145,0.2322521,0.6310626
646,0.34531105,0.1414082,0.3502438,0.16303694
647,0.4905544,0.12139423,0.21201569,0.17603567
648,0.6340945,0.2725162,0.047787115,0.04560224
649,0.43800363,0.079447135,0.12628777,0.35626146
650,0.31398013,0.01,0.65692896,0.01909091
651,0.42002675,0.034391362,0.38657686,0.15900503
652,0.31871223,0.030579435,0.25076085,0.39994746
653,0.2960997,0.26546052,0.35180876,0.086631015
654,0.13609503,0.22972697,0.13625096,0.49792704
655,0.14271738,0.061493654,0.641693,0.15409598
656,0.15796855,0.029808827,0.512821,0.2994016
657,0.20267858,0.08571429,0.01,0.70160717
658,0.49209955,0.004210526,0.051889952,0.45179996
659,0.053034946,0.106278986,0.65143394,0.18925211
660,0.62528896,0.12891303,0.14910842,0.09668958
661,0.13481252,0.033104066,0.77608925,0.055994153
662,0.3094931,0.14316437,0.047926266,0.4994163
663,0.08813418,0.004210526,0.14068964,0.7669657
664,0.0,0.019523809,0.9609524,0.019523809
665,0.22884142,0.013699736,0.4514017,0.30605713
666,0.06496241,0.21914788,0.6400501,0.0758396
667,0.6606683,0.0,0.10146955,0.23786214
668,0.7895238,0.07857143,0.021666666,0.1102381
669,0.14408863,0.0122105265,0.11016583,0.733535
670,0.11105561,0.8219447,0.055527806,0.011471861
671,0.10697008,0.0017699115,0.38447747,0.50678253
672,0.22180422,0.04169231,0.6435766,0.09292683
673,0.14408863,0.0122105265,0.11016583,0.733535
674,0.17105317,0.29366845,0.2439578,0.2913206
675,0.029495915,0.025396826,0.37041813,0.57468915
676,0.042474918,0.085953176,0.8715719,0.0
677,0.37200102,0.20771499,0.12381908,0.2964649
678,0.0875604,0.0017699115,0.347736,0.5629337
679,0.06937799,0.040143542,0.8541627,0.03631579
680,0.2697731,0.03880873,0.3230571,0.3683611
681,0.8174166,0.008695652,0.09195652,0.08193122
682,0.5474501,0.27551576,0.092211075,0.08482302
683,0.012778414,0.84270704,0.13832897,0.006185567
684,0.52896535,0.004210526,0.13025728,0.33656687
685,0.27068794,0.06608364,0.17449655,0.4887319
686,0.13961168,0.044675894,0.22263223,0.5930802
687,0.77021164,0.08571429,0.024047619,0.120026454
688,0.060945127,0.040018674,0.6390102,0.260026
689,0.6340945,0.2725162,0.047787115,0.04560224
690,0.037310608,0.0,0.01,0.9526894
691,0.21611501,0.45910475,0.13386413,0.19091612
692,0.6085714,0.20238096,0.040714286,0.14833333
693,0.10467532,0.02583851,0.7389723,0.13051383
694,0.17888382,0.31847638,0.17038861,0.3322512
695,0.07370644,0.0153216375,0.38094443,0.5300275
696,0.14325814,0.004210526,0.09957393,0.7529574
697,0.23428187,0.47749898,0.12961099,0.15860815
698,0.05012987,0.054805193,0.8455411,0.049523808
699,0.06937799,0.040143542,0.8541627,0.03631579
700,0.21726447,0.45216507,0.26075765,0.069812804
701,0.33028498,0.2788147,0.06,0.3309003
702,0.52677697,0.08042781,0.2778722,0.11492304
703,0.7870175,0.024444444,0.062222224,0.12631579
704,0.32778803,0.018699735,0.24953783,0.40397438
705,0.20470099,0.1651635,0.19915809,0.4309774
706,0.01638796,0.06939003,0.9046982,0.00952381
707,0.71551377,0.082781956,0.017669173,0.1840351
708,0.26351243,0.22905435,0.41716486,0.09026835
709,0.028457558,0.3121739,0.6269876,0.032380953
710,0.059516557,0.022875817,0.5354388,0.38216886
711,0.15281385,0.6545454,0.085930735,0.10670996
712,0.76809525,0.08571429,0.024047619,0.12214286
713,0.21552157,0.6379765,0.088709675,0.05779221
714,0.2608637,0.17327935,0.5125506,0.05330634
715,0.11536214,0.22170007,0.18115246,0.48178533
716,0.19978616,0.05800923,0.24687006,0.49533457
717,0.11967312,0.7314483,0.042585094,0.106293514
718,0.04280527,0.85366035,0.08588733,0.01764706
719,0.20211914,0.004210526,0.0946746,0.6989957
720,0.3558909,0.014354067,0.53805625,0.09169876
721,0.034931622,0.8341592,0.12234266,0.008566519
722,0.100708105,0.72914153,0.15724716,0.012903226
723,0.13169402,0.73765194,0.11211698,0.018537028
724,0.26204148,0.09243421,0.5763457,0.069178626
725,0.14402808,0.6976747,0.08462244,0.07367475
726,0.14670396,0.6147566,0.17185429,0.06668518
727,0.2082251,0.66406924,0.08181818,0.045887444
728,0.27907953,0.04843658,0.110832766,0.5616511
729,0.045132782,0.2344185,0.6616987,0.05875
730,0.06433763,0.06486487,0.01,0.8607975
731,0.19840412,0.04843658,0.12909418,0.6240651
732,0.6813534,0.082781956,0.022669174,0.21319549
733,0.11102636,0.05429218,0.73073334,0.103948146
734,0.1974603,0.32990167,0.362574,0.11006405
735,0.3954482,0.15308726,0.109323815,0.3421407
736,0.14459445,0.15676692,0.039573934,0.6590647
737,0.20159282,0.014285714,0.079148285,0.70497316
738,0.12708437,0.004210526,0.2172097,0.6514954
739,0.11679076,0.5586224,0.22263405,0.10195276
740,0.08134339,0.8489596,0.033333335,0.036363635
741,0.2181149,0.03823227,0.57548803,0.1681648
742,0.42358074,0.07529932,0.24353908,0.25758088
743,0.692247,0.025689656,0.11836732,0.16369607
744,0.011164788,0.8577202,0.13111502,0.0
745,0.16742425,0.0,0.01,0.82257575
746,0.3362767,0.023565365,0.21400814,0.4261498
747,0.31759256,0.30284193,0.18433703,0.19522847
748,0.021474067,0.84194386,0.13039649,0.006185567
749,0.31739718,0.043939393,0.046363637,0.59229976
750,0.17716464,0.061826304,0.6375281,0.12348092
751,0.15790862,0.014285714,0.08414828,0.7436574
752,0.14357296,0.70600754,0.06955669,0.08086283
753,0.03345505,0.89729685,0.063614294,0.0056338026
754,0.037310608,0.0,0.01,0.9526894
755,0.1969754,0.030576441,0.020526316,0.75192183
756,0.40796348,0.10788444,0.27477664,0.20937544
757,0.310821,0.15175667,0.10039338,0.43702897
758,0.03253857,0.055134576,0.8765204,0.03580645
759,0.13371316,0.34876004,0.4290289,0.0884979
760,0.08248684,0.78140765,0.11282466,0.02328086
761,0.550269,0.09376114,0.2194595,0.13651034
762,0.08813418,0.004210526,0.14068964,0.7669657
763,0.10980423,0.5589296,0.041711368,0.28955474
764,0.06847768,0.004210526,0.24205555,0.68525624
765,0.06410714,0.37339285,0.51136905,0.051130954
766,0.59994215,0.010391363,0.3199971,0.069669366
767,0.06686275,0.022875817,0.62487864,0.2853828
768,0.107934065,0.13383894,0.6844344,0.07379258
769,0.16522248,0.6272626,0.18659696,0.020917982
770,0.17831475,0.13161181,0.14758888,0.5424846
771,0.0706672,0.7980723,0.054278612,0.0769819
772,0.08936508,0.014285714,0.24817461,0.6481746
773,0.13039625,0.62739813,0.060758986,0.18144666
774,0.30216742,0.2207578,0.3887262,0.0883486
775,0.20329815,0.20181051,0.5861194,0.00877193
776,0.017028986,0.31334814,0.64462286,0.025
777,0.094614156,0.022046374,0.8745675,0.00877193
778,0.1640735,0.33073145,0.061340995,0.44385406
779,0.14773487,0.015103245,0.37197384,0.46518803
780,0.23429027,0.16698565,0.55311006,0.045614034
781,0.124242805,0.0017699115,0.43038654,0.44360074
782,0.13440925,0.22343358,0.04438875,0.5977684
783,0.15445168,0.24731752,0.44329408,0.15493673
784,0.18426609,0.13153154,0.014814815,0.6693876
785,0.14459445,0.15676692,0.039573934,0.6590647
786,0.22025435,0.0067699114,0.1329741,0.64000165
787,0.3975883,0.14316437,0.0814977,0.37774962
788,0.41915455,0.25596005,0.08106716,0.24381824
789,0.06433763,0.06486487,0.01,0.8607975
790,0.09182752,0.2989871,0.5691121,0.04007326
791,0.21002585,0.5919149,0.16925555,0.028803717
792,0.23928706,0.02685046,0.46489182,0.26897067
793,0.11328199,0.7190234,0.10283455,0.06486003
794,0.017540319,0.9320512,0.041842,0.008566519
795,0.08111001,0.77847487,0.0804476,0.059967518
796,0.023212504,0.80989146,0.14780727,0.019088794
797,0.2566749,0.023565365,0.11052067,0.6092391
798,0.31434166,0.1459246,0.43968865,0.10004509
799,0.09062344,0.59819806,0.077450834,0.23372766
800,0.36808336,0.40712917,0.1741362,0.05065128
801,0.28037575,0.011764706,0.2989231,0.4089364
802,0.1969754,0.030576441,0.020526316,0.75192183
803,0.1180303,0.23621212,0.16401514,0.4817424
804,0.55793476,0.117110126,0.08491184,0.2400433
805,0.12499661,0.7442809,0.123579636,0.007142857
806,0.35818303,0.029263157,0.47819266,0.13436116
807,0.03802732,0.83131826,0.06341746,0.06723694
808,0.118323416,0.71907336,0.07935946,0.08324378
809,0.09507653,0.115560204,0.60951537,0.17984787
810,0.16424946,0.04506579,0.5544459,0.23623884
811,0.16706018,0.53019094,0.03430717,0.26844168
812,0.063812315,0.42813417,0.27742302,0.2306305
813,0.5654302,0.014285714,0.10146955,0.31881452
814,0.104833126,0.0017699115,0.3936451,0.49975187
815,0.07654685,0.02704762,0.6774562,0.2189493
816,0.05744653,0.4906602,0.29193488,0.15995842
817,0.04389209,0.11542184,0.74743396,0.09325211
818,0.14268437,0.0017699115,0.3066203,0.5489254
819,0.107162826,0.7768334,0.099291876,0.016711883
820,0.08618534,0.7863258,0.07370692,0.053781953
821,0.33116427,0.018798511,0.51384103,0.13619617
822,0.2462411,0.022406016,0.6525016,0.0788513
823,0.5834765,0.13801402,0.21168172,0.0668278
824,0.68789476,0.004210526,0.035526317,0.27236843
825,0.30274212,0.2850435,0.29504803,0.11716633
826,0.06433763,0.06486487,0.01,0.8607975
827,0.7829435,0.0,0.1,0.11705653
828,0.1760222,0.05800923,0.15946974,0.60649884
829,0.2852463,0.023565365,0.12956828,0.56162006
830,0.17387618,0.020568423,0.46408787,0.3414675
831,0.34009025,0.08344031,0.4883884,0.08808107
832,0.08608427,0.546077,0.08329967,0.28453907
833,0.4427489,0.084415585,0.09398268,0.3788528
834,0.045947395,0.81202,0.08985872,0.052173913
835,0.29690805,0.036437247,0.42572626,0.24092846
836,0.6180952,0.08809524,0.12642857,0.16738096
837,0.10687148,0.038260434,0.4551197,0.39974838
838,0.20730995,0.02631579,0.6072125,0.15916179
839,0.13756533,0.032631915,0.44182667,0.38797605
840,0.12375955,0.6970793,0.14266708,0.036494065
841,0.122257166,0.5854812,0.1238988,0.16836283
842,0.27800626,0.004210526,0.1996533,0.51812994
843,0.29856673,0.013436578,0.111858405,0.5761383
844,0.023212504,0.80989146,0.14780727,0.019088794
845,0.10464052,0.031966727,0.64023215,0.2231606
