,Prob_0,Prob_1,Prob_2,Prob_3
0,0.6489099,0.049529277,0.16087829,0.14068253
1,0.115188815,0.028584115,0.061628588,0.79459846
2,0.021231005,0.7502878,0.104633175,0.12384805
3,0.028320141,0.1493977,0.10263503,0.7196471
4,0.6814685,0.012322434,0.2039389,0.10227017
5,0.13474186,0.6888945,0.09974019,0.07662343
6,0.08281606,0.09634125,0.07416706,0.7466756
7,0.6994255,0.09123666,0.18778777,0.021550072
8,0.7019002,0.1674978,0.09745765,0.03314437
9,0.62876827,0.09254613,0.2301316,0.048553992
10,0.0913675,0.6748743,0.1672197,0.06653847
11,0.7485735,0.076605186,0.11000018,0.06482114
12,0.20783854,0.6391655,0.100130714,0.052865226
13,0.54600215,0.05852763,0.337516,0.057954196
14,0.11432906,0.6398597,0.11684154,0.12896971
15,0.050662402,0.5309863,0.22437553,0.19397575
16,0.10480708,0.31076947,0.5437834,0.04064006
17,0.024076149,0.88069534,0.06269888,0.03252964
18,0.074977934,0.06446321,0.025700977,0.8348579
19,0.08716481,0.73486656,0.14316407,0.034804553
20,0.72312236,0.09040124,0.13051933,0.055957098
21,0.8289357,0.022991465,0.09308606,0.054986823
22,0.5018362,0.05481589,0.3788999,0.06444801
23,0.13110834,0.0072984057,0.046762682,0.81483054
24,0.7739821,0.07803387,0.11326001,0.034724023
25,0.09863449,0.05457922,0.08767738,0.7591089
26,0.24715765,0.124683,0.5470681,0.081091255
27,0.12503828,0.042829603,0.060424495,0.7717076
28,0.116356805,0.630442,0.18077278,0.072428375
29,0.08538052,0.012735595,0.77599096,0.12589292
30,0.097430676,0.054283034,0.06096422,0.78732204
31,0.16291557,0.07561437,0.7424026,0.019067453
32,0.10132769,0.55444723,0.3072333,0.03699176
33,0.1620579,0.72174734,0.056459073,0.05973567
34,0.19565311,0.077177905,0.63042724,0.09674172
35,0.0772093,0.5536901,0.35227853,0.016822083
36,0.15400437,0.2458279,0.542213,0.0579547
37,0.12540756,0.7347412,0.12177582,0.01807542
38,0.5284394,0.074069895,0.36917084,0.028319867
39,0.017377079,0.9156806,0.06480962,0.0021326982
40,0.120430395,0.113367856,0.69638234,0.069819406
41,0.039647356,0.12061347,0.048977062,0.7907621
42,0.3589598,0.043734986,0.52072096,0.07658427
43,0.15770383,0.18468179,0.59139293,0.06622144
44,0.6822927,0.05741193,0.23745854,0.022836793
45,0.0653456,0.35577473,0.009368387,0.5695113
46,0.19433694,0.14736506,0.6259413,0.03235675
47,0.10720229,0.79810846,0.07532146,0.01936779
48,0.106491245,0.18238308,0.6604344,0.050691266
49,0.032650433,0.0786245,0.7413899,0.14733517
50,0.73751646,0.0072955596,0.24587537,0.009312625
51,0.07189997,0.8131234,0.074144006,0.040832646
52,0.14489095,0.12215879,0.05787756,0.67507267
53,0.09397786,0.55317944,0.29452503,0.058317665
54,0.12582248,0.7227698,0.0859418,0.06546595
55,0.52101755,0.16073759,0.2542671,0.06397777
56,0.20310688,0.01570894,0.44417745,0.33700672
57,0.15441541,0.6953201,0.14042938,0.00983508
58,0.04134247,0.69253117,0.13288115,0.1332452
59,0.81404734,0.032375056,0.13443679,0.019140804
60,0.16699979,0.036734436,0.04506853,0.7511973
61,0.7448807,0.08536012,0.13336812,0.036391113
62,0.049855378,0.8109532,0.12478444,0.014406978
63,0.069565736,0.64994574,0.26128837,0.019200187
64,0.1190452,0.020869834,0.033909753,0.8261752
65,0.0446196,0.8165577,0.049900312,0.08892236
66,0.25162074,0.12714726,0.5906746,0.030557442
67,0.23408705,0.069219336,0.6608806,0.035812963
68,0.55534774,0.3040349,0.09963657,0.04098079
69,0.0777294,0.5418851,0.057967987,0.32241753
70,0.07369581,0.6995372,0.1682418,0.05852518
71,0.12392586,0.16510339,0.56854755,0.1424232
72,0.06756468,0.02595225,0.031534284,0.8749488
73,0.33389735,0.18837391,0.4397718,0.037956964
74,0.028389022,0.031736266,0.35126486,0.5886099
75,0.13128713,0.09961414,0.15596792,0.6131308
76,0.05945264,0.035924073,0.04889944,0.85572386
77,0.17081678,0.25718832,0.48316598,0.08882894
78,0.677674,0.012832683,0.13161014,0.17788318
79,0.20306788,0.034982454,0.60287,0.1590797
80,0.34016648,0.46962652,0.1153356,0.0748714
81,0.039742794,0.032826312,0.052073505,0.8753574
82,0.74320406,0.10006032,0.08792724,0.068808414
83,0.62186706,0.13981354,0.08639279,0.15192664
84,0.09205408,0.08004367,0.07451978,0.75338244
85,0.44630435,0.337129,0.113720946,0.102845706
86,0.74511504,0.070430145,0.15269747,0.03175735
87,0.041493274,0.67609465,0.060809623,0.22160248
88,0.650849,0.063769445,0.18490483,0.10047676
89,0.14902781,0.09065796,0.7541206,0.006193629
90,0.21027075,0.5997199,0.16996315,0.020046193
91,0.18733217,0.2278503,0.5308025,0.054015044
92,0.10251738,0.011042727,0.08880368,0.7976362
93,0.569251,0.07894374,0.32990646,0.021898814
94,0.68973583,0.11421328,0.08341649,0.11263442
95,0.6004236,0.29122204,0.088780284,0.019574078
96,0.39364102,0.16268809,0.32038003,0.12329083
97,0.07846848,0.042701375,0.040603556,0.8382266
98,0.067349255,0.2624883,0.057039935,0.6131225
99,0.32355282,0.20411403,0.38287735,0.0894558
100,0.11701723,0.29856458,0.5563353,0.028082924
101,0.22735384,0.053802274,0.5778164,0.14102745
102,0.02032262,0.47509965,0.009351074,0.49522665
103,0.06887279,0.005730938,0.047800835,0.8775954
104,0.854563,0.053064086,0.08294933,0.009423563
105,0.53809357,0.120881915,0.28618023,0.054844264
106,0.07319696,0.33582762,0.06935917,0.5216162
107,0.10624125,0.10557044,0.08901867,0.69916964
108,0.14328,0.574411,0.24772133,0.0345877
109,0.5015976,0.07579888,0.36717224,0.055431258
110,0.110034734,0.086183585,0.7693885,0.034393206
111,0.12488252,0.1407681,0.62028694,0.11406247
112,0.31824234,0.10549854,0.048184037,0.5280751
113,0.34333426,0.39794123,0.23740885,0.021315673
114,0.16143605,0.27425215,0.30888548,0.25542635
115,0.06102374,0.08080381,0.7965121,0.061660342
116,0.08191649,0.03251944,0.06774384,0.81782025
117,0.5627196,0.18332848,0.13054888,0.12340307
118,0.08852746,0.41059473,0.38767797,0.11319984
119,0.09424092,0.5060383,0.20491256,0.1948082
120,0.18513407,0.5305863,0.28245178,0.00182784
121,0.013779851,0.6132712,0.34406602,0.028882932
122,0.060377467,0.62246895,0.059093185,0.25806037
123,0.084809646,0.6579654,0.12640335,0.1308216
124,0.18509494,0.09091972,0.5945588,0.12942658
125,0.83372766,0.03641906,0.08534292,0.044510357
126,0.15011145,0.03979051,0.26199594,0.5481021
127,0.48793927,0.21440692,0.093913324,0.20374049
128,0.032143254,0.50096667,0.44014013,0.02674994
129,0.21205257,0.2934287,0.17504439,0.31947434
130,0.1829481,0.22348592,0.18051197,0.41305405
131,0.25385863,0.060447983,0.5195215,0.16617191
132,0.406749,0.19374925,0.09699538,0.30250633
133,0.04788628,0.8257968,0.12368605,0.0026308952
134,0.18551952,0.6561103,0.14592569,0.012444486
135,0.025433114,0.046973776,0.013293268,0.91429985
136,0.12660469,0.12636276,0.11264397,0.63438857
137,0.07318671,0.035922006,0.065541305,0.82535
138,0.023293883,0.098638155,0.84640294,0.031665005
139,0.11651796,0.4495833,0.43154746,0.0023512663
140,0.27580994,0.06918354,0.5989664,0.056040075
141,0.091406405,0.42403367,0.46426243,0.020297492
142,0.042872213,0.056153942,0.8579085,0.04306533
143,0.459247,0.17421524,0.30944794,0.05708981
144,0.15131974,0.10477783,0.17249268,0.57140976
145,0.1487655,0.64110434,0.15195452,0.058175646
146,0.14974906,0.31177086,0.5071984,0.031281684
147,0.37488168,0.44086838,0.117418304,0.06683163
148,0.36601675,0.041193288,0.22009797,0.372692
149,0.27940923,0.14673862,0.40751746,0.16633469
150,0.14621478,0.061976865,0.101378195,0.69043016
151,0.050691266,0.012673482,0.09447329,0.84216195
152,0.506889,0.07866399,0.27327356,0.14117345
153,0.2085368,0.1385018,0.50586355,0.14709787
154,0.04717713,0.72273993,0.165631,0.06445196
155,0.5929104,0.14142361,0.16679357,0.09887244
156,0.2628386,0.063304834,0.039273724,0.6345829
157,0.107725844,0.03533961,0.03892625,0.8180083
158,0.18743007,0.38461778,0.37226436,0.05568781
159,0.5008932,0.177186,0.14217636,0.1797445
160,0.18334341,0.051371016,0.54002154,0.22526403
161,0.13156608,0.026351951,0.73616236,0.105919614
162,0.10758619,0.3547046,0.078120045,0.45958918
163,0.60396075,0.08269802,0.29383504,0.019506166
164,0.53953046,0.19176959,0.25251982,0.016180169
165,0.09842776,0.49560314,0.39614052,0.009828583
166,0.29590818,0.051767677,0.5130378,0.13928634
167,0.0625854,0.5112647,0.39528614,0.030863779
168,0.2333715,0.033317547,0.10430213,0.6290088
169,0.4268866,0.2532969,0.12316843,0.19664808
170,0.30365807,0.18089221,0.26108545,0.25436425
171,0.02549389,0.05032811,0.8885223,0.035655685
172,0.09223781,0.097606465,0.14283808,0.6673176
173,0.18729663,0.6649108,0.13710442,0.010688157
174,0.6412667,0.037802637,0.15977076,0.16115987
175,0.45646214,0.3122071,0.2197785,0.011552235
176,0.02283121,0.013317524,0.076596275,0.887255
177,0.22732103,0.09407877,0.11213874,0.56646144
178,0.40346816,0.09487451,0.20668836,0.29496896
179,0.30682755,0.07529234,0.5879075,0.02997261
180,0.50397944,0.07514535,0.05732338,0.36355186
181,0.1286514,0.70047176,0.15793167,0.012945155
182,0.23793393,0.18991801,0.08307762,0.48907045
183,0.09330743,0.6497703,0.20768996,0.04923227
184,0.09599903,0.5454049,0.30562785,0.052968193
185,0.533777,0.14742385,0.14393593,0.1748632
186,0.40970173,0.16473605,0.3158977,0.109664515
187,0.116382815,0.35987324,0.44698828,0.07675567
188,0.14765239,0.09962264,0.18858767,0.56413734
189,0.027159676,0.23313218,0.09556963,0.6441385
190,0.1373072,0.5280014,0.31963181,0.015059553
191,0.6423147,0.08346626,0.17359403,0.10062502
192,0.09757617,0.06612049,0.10622714,0.7300762
193,0.27233848,0.022657076,0.5862801,0.11872435
194,0.020343361,0.10168683,0.8535537,0.024416115
195,0.2158598,0.16102569,0.6016434,0.021471156
196,0.26614282,0.0662579,0.49666244,0.17093685
197,0.47607473,0.031711683,0.14509645,0.34711716
198,0.818374,0.057668883,0.09984064,0.024116518
199,0.071078114,0.5796626,0.29472312,0.054536156
200,0.13768305,0.032908157,0.10508075,0.72432804
201,0.22340475,0.12279008,0.087910496,0.56589466
202,0.10224614,0.4504056,0.41389662,0.033451635
203,0.24323818,0.052788626,0.43262416,0.27134904
204,0.4611216,0.16824847,0.25618285,0.11444708
205,0.37419334,0.15763037,0.06868759,0.3994887
206,0.07996749,0.098801926,0.11966713,0.7015635
207,0.016614089,0.8801477,0.06818302,0.0350552
208,0.18365622,0.24726504,0.04418623,0.5248925
209,0.393388,0.12995687,0.075257905,0.40139723
210,0.083364755,0.02181998,0.018760853,0.8760544
211,0.46488982,0.05503008,0.17257327,0.30750683
212,0.36453477,0.09830784,0.32228628,0.21487112
213,0.3265744,0.117782824,0.5030541,0.052588698
214,0.33159867,0.5437722,0.09317187,0.03145724
215,0.25881392,0.08222071,0.22318406,0.43578133
216,0.31187868,0.044027247,0.07399051,0.5701036
217,0.36165807,0.039963976,0.14400153,0.45437643
218,0.17748846,0.08950867,0.7003446,0.032658227
219,0.13133161,0.60415906,0.19453706,0.06997231
220,0.057381243,0.5561759,0.3550249,0.031417962
221,0.32931107,0.3250988,0.29010874,0.05548136
222,0.5272079,0.07069211,0.1651527,0.23694727
223,0.25009286,0.09837281,0.5135907,0.13794363
224,0.2391085,0.06278162,0.1265029,0.571607
225,0.26552597,0.42017034,0.28315893,0.031144727
226,0.40644318,0.073592365,0.49260423,0.027360242
227,0.35373712,0.0927215,0.065472364,0.488069
228,0.17300488,0.064876676,0.061619945,0.7004985
229,0.014883001,0.8891623,0.090445325,0.0055093765
230,0.3584676,0.02228424,0.114694275,0.50455385
231,0.102738746,0.68393886,0.04846455,0.16485786
232,0.12208255,0.6174552,0.23967576,0.02078651
233,0.14691904,0.4750615,0.2967267,0.08129273
234,0.070930436,0.11661824,0.043807372,0.768644
235,0.41922203,0.05292334,0.5051124,0.022742217
236,0.10286051,0.58306897,0.28161445,0.032456093
237,0.5675157,0.26810175,0.09560148,0.06878114
238,0.3630522,0.11701019,0.32644194,0.19349569
239,0.7037039,0.03714333,0.21853994,0.04061287
240,0.1506513,0.62420416,0.14532577,0.0798188
241,0.14080164,0.4065487,0.35448158,0.09816808
242,0.085108794,0.60364187,0.29096094,0.020288412
243,0.20376499,0.51185435,0.13361895,0.15076171
244,0.09819347,0.6283859,0.2298471,0.04357351
245,0.12610336,0.27410862,0.15597972,0.4438083
246,0.020209625,0.18238376,0.14154884,0.65585774
247,0.00475377,0.46013606,0.5120037,0.02310646
248,0.03534768,0.2893407,0.6683231,0.0069885114
249,0.4523208,0.061700024,0.39229473,0.093684405
250,0.53438425,0.17876795,0.17980193,0.10704586
251,0.38010776,0.120690554,0.2816758,0.21752593
252,0.1569999,0.4959142,0.25975025,0.08733567
253,0.3665723,0.11339812,0.14718413,0.37284547
254,0.19854805,0.5256869,0.24057935,0.0351857
255,0.18360572,0.21439013,0.46626255,0.1357416
256,0.2761682,0.044580765,0.13394207,0.545309
257,0.25659746,0.062408008,0.53792536,0.14306916
258,0.30963096,0.37607718,0.26748314,0.046808735
259,0.09219011,0.14904709,0.09233,0.6664328
260,0.20996286,0.25195646,0.46090615,0.07717454
261,0.1447509,0.5437462,0.14905955,0.16244335
262,0.33922568,0.24667658,0.2888955,0.12520224
263,0.25320682,0.030089863,0.64126,0.07544326
264,0.12242763,0.0017316133,0.30634087,0.5694999
265,0.23417224,0.5108921,0.19128795,0.06364772
266,0.07045391,0.55094093,0.17320853,0.20539664
267,0.007128501,0.21908675,0.04182221,0.73196256
268,0.09069447,0.45999143,0.3914498,0.0578643
269,0.16609001,0.49150997,0.30124626,0.04115376
270,0.2982677,0.10182983,0.48180884,0.11809362
271,0.06449689,0.55625504,0.2738278,0.105420284
272,0.30340415,0.060603376,0.4213947,0.21459775
273,0.052165035,0.029906623,0.4975944,0.42033395
274,0.16398336,0.50525635,0.2893939,0.041366402
275,0.07669142,0.77485824,0.128152,0.020298326
276,0.7450961,0.08458631,0.07400865,0.09630896
277,0.101308,0.19522919,0.101676285,0.6017865
278,0.14790058,0.5936368,0.24587907,0.012583509
279,0.09404973,0.6166432,0.27356288,0.015744226
280,0.03533211,0.017984407,0.091859035,0.8548244
281,0.13450007,0.6786842,0.15910587,0.0277099
282,0.5339261,0.11674062,0.2874836,0.061849657
283,0.38450822,0.068207204,0.45113295,0.09615162
284,0.1677884,0.52886826,0.22711323,0.076230116
285,0.40813357,0.27463624,0.16875087,0.14847931
286,0.09922765,0.529179,0.28591746,0.0856759
287,0.2587896,0.35482806,0.05018231,0.33620003
288,0.118784435,0.546792,0.296693,0.03773057
289,0.5947326,0.10455495,0.2467366,0.053975854
290,0.28865874,0.014287242,0.037151415,0.6599026
291,0.18776596,0.29243726,0.47968423,0.040112544
292,0.5338504,0.03489374,0.39954436,0.03171153
293,0.138151,0.22903948,0.035998672,0.5968108
294,0.171606,0.16643056,0.045852643,0.6161108
295,0.13201559,0.22541693,0.6147974,0.027770082
296,0.35985288,0.078309074,0.358019,0.20381904
297,0.21024477,0.46453238,0.31623062,0.008992216
298,0.47779468,0.08355203,0.18676224,0.25189102
299,0.30875006,0.1086772,0.48249117,0.100081556
300,0.22309087,0.0032571994,0.68801564,0.085636266
301,0.4573688,0.19195351,0.28366405,0.06701365
302,0.7299995,0.10903716,0.09090695,0.07005641
303,0.2611786,0.21381083,0.45073506,0.0742755
304,0.47152558,0.27525276,0.22985692,0.02336474
305,0.25229824,0.53931695,0.14872329,0.059661537
306,0.10931449,0.7906321,0.078515634,0.021537757
307,0.069586,0.08056978,0.06507103,0.7847732
308,0.59525776,0.039580517,0.35273555,0.012426185
309,0.083032876,0.60001385,0.048705958,0.26824728
310,0.29014277,0.072928436,0.56069946,0.0762293
311,0.22210899,0.08386517,0.6747315,0.01929436
312,0.1421533,0.05444358,0.10934839,0.6940547
313,0.33549795,0.09954213,0.5372414,0.027718542
314,0.058300085,0.2779046,0.024124602,0.6396707
315,0.066380486,0.05631442,0.041298743,0.83600634
316,0.7470139,0.095035695,0.12663844,0.031311955
317,0.07725312,0.78116864,0.11811369,0.023464574
318,0.26079097,0.39519456,0.22672635,0.11728812
319,0.4890647,0.2347344,0.20372275,0.07247816
320,0.26254845,0.0628333,0.19465858,0.47995967
321,0.13861053,0.15392771,0.6457427,0.061719075
322,0.092749484,0.67663026,0.2117023,0.018917972
323,0.030159684,0.78434616,0.086643755,0.098850414
324,0.43152758,0.23864195,0.1481934,0.18163706
325,0.05747433,0.007494291,0.014780942,0.9202504
326,0.14384055,0.053543944,0.16318932,0.6394262
327,0.27637967,0.036713477,0.28094393,0.4059629
328,0.4093054,0.20715259,0.2209538,0.16258821
329,0.25056174,0.05698479,0.101033315,0.5914202
330,0.21219847,0.6467572,0.09250202,0.048542343
331,0.120654345,0.7669266,0.10552331,0.0068957866
332,0.3250601,0.14047481,0.50244933,0.032015752
333,0.4078672,0.099426664,0.44798166,0.044724483
334,0.04275293,0.4903367,0.21689956,0.25001085
335,0.20769186,0.062227093,0.13792007,0.59216094
336,0.06806641,0.6868795,0.07465495,0.17039913
337,0.023453012,0.6754206,0.22280125,0.07832516
338,0.09724827,0.5180783,0.23506607,0.14960733
339,0.4569377,0.16273871,0.1967475,0.18357608
340,0.21863891,0.09687327,0.6680745,0.016413357
341,0.2629147,0.44770718,0.22531241,0.064065725
342,0.21645288,0.4464641,0.19469383,0.14238918
343,0.35392606,0.0454828,0.12173619,0.47885495
344,0.10488768,0.115758516,0.21102597,0.56832784
345,0.05575405,0.7097693,0.22654817,0.007928479
346,0.19370905,0.24718483,0.10128274,0.4578234
347,0.1999364,0.086242616,0.083852075,0.6299689
348,0.065826744,0.077257805,0.05825958,0.79865587
349,0.085154735,0.330991,0.48878697,0.095067315
350,0.46700126,0.074669875,0.30021167,0.1581172
351,0.8645085,0.050660435,0.06899465,0.015836377
352,0.8301678,0.04482238,0.059768125,0.06524171
353,0.54378825,0.025665613,0.14351128,0.28703484
354,0.06841712,0.5538922,0.2699831,0.107707605
355,0.13464938,0.22343814,0.21908206,0.42283043
356,0.5262726,0.009236295,0.23193726,0.23255388
357,0.17952079,0.17964952,0.2285461,0.4122836
358,0.2404791,0.19975224,0.39832756,0.1614411
359,0.6179054,0.03795686,0.16390069,0.18023705
360,0.06224769,0.08710482,0.763503,0.08714445
361,0.07170926,0.82946706,0.08915213,0.009671536
362,0.035215702,0.03789967,0.0070508984,0.9198337
363,0.11172383,0.032658074,0.6106463,0.2449718
364,0.19868086,0.044351038,0.05982183,0.6971463
365,0.53846717,0.2335256,0.18098699,0.047020253
366,0.17833935,0.38713557,0.35894907,0.07557603
367,0.103523545,0.37569717,0.025107432,0.49567187
368,0.1829662,0.108819894,0.70072055,0.007493356
369,0.0138459895,0.4862036,0.49117917,0.00877122
370,0.51667106,0.07121937,0.34923953,0.06287002
371,0.55676854,0.19780509,0.16528755,0.080138825
372,0.41804773,0.2172181,0.2696586,0.0950756
373,0.110148944,0.7425031,0.13242522,0.014922738
374,0.22090745,0.061133772,0.048691906,0.6692669
375,0.7515453,0.05979454,0.15134539,0.037314784
376,0.42542163,0.05326342,0.05336866,0.4679463
377,0.25050792,0.23070443,0.44845134,0.07033631
378,0.64906335,0.060873616,0.25388753,0.036175527
379,0.7425488,0.08896979,0.10450621,0.063975185
380,0.52830213,0.095512964,0.3170649,0.05911996
381,0.085582085,0.02030194,0.091493,0.802623
382,0.04361996,0.21621639,0.5442286,0.19593507
383,0.11029943,0.098654,0.6931083,0.09793826
384,0.05218245,0.7371329,0.15032312,0.060361505
385,0.027621577,0.021676201,0.014519999,0.9361822
386,0.30344328,0.16934462,0.42491353,0.10229858
387,0.46831223,0.13189988,0.33016956,0.069618344
388,0.0760143,0.44846818,0.388413,0.087104514
389,0.14837283,0.007093872,0.49960202,0.34493127
390,0.15420465,0.13638881,0.1489028,0.5605037
391,0.2160606,0.45279646,0.09401102,0.23713194
392,0.55098385,0.09742553,0.22327343,0.12831722
393,0.5028029,0.11785595,0.27931452,0.1000266
394,0.5990151,0.057460416,0.21287824,0.13064624
395,0.03722048,0.016353773,0.09233316,0.8540926
396,0.11889187,0.031465862,0.11079524,0.738847
397,0.25946736,0.21482569,0.45842358,0.067283355
398,0.055668235,0.86000425,0.06580283,0.018524712
399,0.23548429,0.08815316,0.24330264,0.4330599
400,0.05336862,0.10228064,0.03760242,0.80674833
401,0.39957368,0.21296088,0.25826812,0.12919734
402,0.5744632,0.1536363,0.10460491,0.16729559
403,0.31526098,0.05453805,0.13377887,0.4964221
404,0.20175733,0.26837394,0.37533686,0.15453188
405,0.44306096,0.06407204,0.41765964,0.07520737
406,0.25683984,0.45745838,0.20452288,0.081178896
407,0.35011747,0.40173662,0.06968545,0.17846048
408,0.48657814,0.084887385,0.17815824,0.25037625
409,0.09696324,0.5490862,0.11166272,0.24228784
410,0.32278287,0.04327936,0.17596608,0.4579717
411,0.060692865,0.2726426,0.10610368,0.5605608
412,0.07076863,0.15704578,0.75957507,0.0126105165
413,0.5326676,0.17800337,0.22609462,0.06323441
414,0.10314863,0.19745256,0.15215898,0.54723984
415,0.1519366,0.2442054,0.2479146,0.3559434
416,0.303045,0.38064164,0.27726012,0.039053228
417,0.14792703,0.08652325,0.06832565,0.6972241
418,0.4639946,0.033153504,0.15609194,0.34675995
419,0.14932926,0.047812264,0.038155768,0.76470274
420,0.45153686,0.083772585,0.10758473,0.35710582
421,0.3649586,0.062800944,0.45670125,0.11553918
422,0.01896202,0.34938586,0.6116415,0.020010605
423,0.6478066,0.13740985,0.18741485,0.027368711
424,0.53610307,0.028509622,0.092883624,0.34250367
425,0.24885422,0.59014016,0.10561064,0.05539499
426,0.08284986,0.35321137,0.46454132,0.09939744
427,0.1711755,0.03569356,0.110209756,0.6829212
428,0.0473782,0.46800065,0.47009137,0.014529777
429,0.1992258,0.6225436,0.1424509,0.035779726
430,0.586471,0.22327012,0.07829223,0.11196664
431,0.09761824,0.17688014,0.1861075,0.53939414
432,0.6935961,0.1767676,0.10599633,0.023639938
433,0.5131273,0.06770777,0.39872676,0.02043814
434,0.7206513,0.07518832,0.13208021,0.072080135
435,0.39241156,0.30641836,0.24133074,0.05983932
436,0.07359315,0.64411396,0.03062354,0.25166938
437,0.1843755,0.24805667,0.4356992,0.13186865
438,0.43251044,0.088830985,0.36307952,0.11557904
439,0.4519855,0.119525395,0.13943899,0.2890501
440,0.38774812,0.14821705,0.2301272,0.23390761
441,0.011868109,0.07288697,0.004306098,0.9109388
442,0.13380629,0.44555265,0.40053603,0.02010504
443,0.3290579,0.38571298,0.20170978,0.08351935
444,0.1495293,0.067101195,0.7194783,0.06389117
445,0.03161497,0.009035105,0.04435735,0.9149926
446,0.11211375,0.35087493,0.33353642,0.2034749
447,0.06348591,0.25359616,0.13466604,0.5482519
448,0.2510117,0.12762439,0.28998908,0.33137482
449,0.016574962,0.032499976,0.032298263,0.9186268
450,0.13466881,0.05232785,0.023626864,0.7893765
451,0.4425434,0.14530283,0.32896486,0.08318892
452,0.15851389,0.5190856,0.24881512,0.0735854
453,0.1278645,0.11986352,0.13672921,0.61554277
454,0.678939,0.07035234,0.24399179,0.006716905
455,0.47959358,0.27372617,0.1904964,0.056183863
456,0.14136563,0.56153595,0.2831723,0.013926099
457,0.12827052,0.39256728,0.45586434,0.02329787
458,0.1637606,0.020226214,0.059937812,0.7560754
459,0.18851,0.016725272,0.014185887,0.78057885
460,0.2365865,0.211944,0.48272204,0.068747446
461,0.89881665,0.030424742,0.05730655,0.013452044
462,0.22305565,0.61946845,0.093896315,0.06357959
463,0.029996304,0.014551135,0.038781308,0.9166713
464,0.21926753,0.04538789,0.46522227,0.27012232
465,0.47471723,0.113696426,0.3316402,0.07994614
466,0.061483406,0.2044048,0.48787385,0.24623793
467,0.20702703,0.008588301,0.5621728,0.22221193
468,0.68260866,0.07119089,0.20499884,0.041201595
469,0.22702634,0.38992217,0.15453929,0.2285122
470,0.19151327,0.19780383,0.22689259,0.3837903
471,0.1305274,0.021844568,0.04896021,0.79866785
472,0.12167496,0.18858862,0.53303653,0.15669987
473,0.23727532,0.12440723,0.25740945,0.38090798
474,0.3927753,0.03206503,0.38810837,0.18705131
475,0.1858345,0.15385176,0.62764573,0.032668002
476,0.3170855,0.38378954,0.24890989,0.050215047
477,0.060249444,0.8653939,0.07156883,0.0027878303
478,0.17659014,0.71627575,0.10114333,0.005990801
479,0.79307586,0.075431645,0.057619132,0.07387338
480,0.17738354,0.1623586,0.2835967,0.37666118
481,0.21887954,0.025341352,0.089773126,0.66600597
482,0.63989663,0.049400244,0.29150918,0.01919395
483,0.3620769,0.43838838,0.13617499,0.063359715
484,0.31584507,0.06342318,0.60933447,0.011397294
485,0.20822062,0.3264811,0.31753814,0.14776014
486,0.076875724,0.06048349,0.83556956,0.027071247
487,0.018145276,0.3432129,0.19112803,0.4475138
488,0.14296658,0.7258594,0.113866225,0.017307768
489,0.13108931,0.6327577,0.19169953,0.04445341
490,0.68554777,0.04128268,0.1677378,0.10543175
491,0.42156017,0.22331595,0.21639486,0.138729
492,0.5009704,0.037890792,0.4188273,0.04231149
493,0.32251903,0.026847364,0.080182046,0.57045156
494,0.07286136,0.55368066,0.36713418,0.006323819
495,0.15110742,0.3357576,0.4818616,0.03127338
496,0.1360268,0.28540713,0.561877,0.016689068
497,0.05021471,0.35454792,0.5387141,0.05652326
498,0.52950025,0.16301829,0.11927144,0.18821004
499,0.044301216,0.5913978,0.27465105,0.08964989
500,0.21490853,0.14898166,0.29661897,0.33949086
501,0.2556102,0.37193513,0.2161562,0.15629849
502,0.0685784,0.07734073,0.03420819,0.8198727
503,0.4817007,0.07387502,0.4107615,0.03366279
504,0.15545988,0.19064584,0.21778272,0.43611154
505,0.70410293,0.039937302,0.1499048,0.106054954
506,0.37132186,0.10603228,0.48813584,0.03451
507,0.28279006,0.33158594,0.35941917,0.026204804
508,0.10534118,0.63483393,0.24774252,0.012082343
509,0.020324439,0.34630123,0.62420946,0.009164855
510,0.437612,0.45283034,0.07043306,0.039124597
511,0.3065885,0.38269916,0.19585355,0.11485879
512,0.12939298,0.5105812,0.34454948,0.015476324
513,0.32394502,0.07787909,0.5418827,0.056293163
514,0.1481444,0.30425274,0.16979842,0.37780446
515,0.45214236,0.058231674,0.4667448,0.022881161
516,0.033284243,0.010435531,0.051313434,0.9049668
517,0.15638934,0.061737448,0.45959008,0.32228312
518,0.50157565,0.07734781,0.2615213,0.15955523
519,0.057427563,0.2113115,0.6441681,0.08709288
520,0.06272224,0.021744475,0.062747404,0.8527859
521,0.07661582,0.39233425,0.49566334,0.03538658
522,0.36789188,0.1376177,0.4506107,0.043879736
523,0.3422725,0.09033612,0.18125108,0.3861403
524,0.001897085,0.46560198,0.52114767,0.011353288
525,0.0731747,0.71681666,0.19892748,0.011081157
526,0.44239062,0.13202772,0.080741435,0.34484026
527,0.04355945,0.8157535,0.13302046,0.007666596
528,0.020295795,0.017506607,0.031778477,0.93041915
529,0.17617041,0.09117022,0.11235075,0.62030864
530,0.41278306,0.08435869,0.3775306,0.12532765
531,0.798294,0.028236859,0.12704766,0.046421513
532,0.2556995,0.08433942,0.27354592,0.38641518
533,0.0637027,0.02360544,0.04318639,0.86950547
534,0.44232807,0.18291874,0.3641224,0.010630824
535,0.027970184,0.24999759,0.04215488,0.67987734
536,0.06459377,0.28588012,0.26682752,0.3826986
537,0.29874536,0.05737988,0.12497821,0.5188965
538,0.594661,0.040076543,0.29699597,0.0682665
539,0.23358828,0.090629496,0.59155464,0.084227584
540,0.32776684,0.37922812,0.25150174,0.041503284
541,0.07793814,0.01861839,0.20285957,0.7005839
542,0.3081644,0.44668764,0.23398674,0.011161226
543,0.36009267,0.20028765,0.42308235,0.016537322
544,0.09525039,0.77875257,0.10792343,0.018073617
545,0.084978946,0.018632818,0.27920383,0.6171844
546,0.018949172,0.023522472,0.037711248,0.9198171
547,0.104479924,0.011888096,0.27747655,0.6061554
548,0.29741493,0.029724894,0.495392,0.17746818
549,0.19810773,0.20824577,0.40703228,0.18661422
550,0.31744352,0.4288145,0.2084472,0.045294784
551,0.13333581,0.52557456,0.24513236,0.095957264
552,0.29554954,0.09895971,0.23880637,0.36668438
553,0.34923685,0.07647426,0.5505654,0.023723496
554,0.122758985,0.50341654,0.19147259,0.1823519
555,0.42693487,0.23815405,0.10337581,0.23153527
556,0.39024594,0.048339676,0.3829636,0.17845081
557,0.037697304,0.11052474,0.110668324,0.7411096
558,0.44990498,0.09636006,0.1280521,0.32568288
559,0.23466916,0.43090713,0.29661387,0.037809838
560,0.64612895,0.12802523,0.18152118,0.044324655
561,0.6280217,0.12922296,0.23842032,0.004334961
562,0.24807398,0.027619703,0.14680602,0.5775003
563,0.06207129,0.056660388,0.8079189,0.0733494
564,0.40764588,0.11552706,0.4080242,0.06880288
565,0.28300855,0.23650692,0.160003,0.32048154
566,0.4075059,0.0313336,0.41153318,0.14962734
567,0.09546462,0.035108004,0.14299381,0.7264336
568,0.088440165,0.054986652,0.24701193,0.60956126
569,0.2165808,0.44643295,0.31490844,0.02207781
570,0.17061232,0.1520685,0.5944987,0.08282052
571,0.46353725,0.14812794,0.36693016,0.021404654
572,0.009470423,0.28038487,0.68378377,0.026360944
573,0.16169406,0.25904757,0.22637284,0.35288554
574,0.75375,0.031105625,0.17509593,0.0400484
575,0.10700644,0.11303488,0.04008734,0.7398713
576,0.14613514,0.023923928,0.08592151,0.74401945
577,0.18564254,0.3616173,0.32544425,0.1272959
578,0.057778504,0.019939806,0.061026916,0.86125475
579,0.16242476,0.21318015,0.48087007,0.14352502
580,0.49995017,0.12004466,0.27154672,0.10845843
581,0.029776921,0.34151027,0.19866961,0.4300432
582,0.28787494,0.36044204,0.3404796,0.011203392
583,0.5185289,0.021111097,0.395111,0.06524901
584,0.16048232,0.3325372,0.4069022,0.10007828
585,0.016279506,0.1277481,0.07673947,0.7792329
586,0.0463539,0.049703807,0.048586268,0.85535604
587,0.35942706,0.08927219,0.30049586,0.25080487
588,0.46741623,0.14530498,0.25230035,0.13497846
589,0.11983851,0.51792574,0.29459757,0.0676382
590,0.6487892,0.18295327,0.14041378,0.027843725
591,0.026881458,0.7797544,0.09411805,0.09924609
592,0.5406035,0.24926616,0.18880661,0.02132375
593,0.18759386,0.022424052,0.11243781,0.6775443
594,0.023164075,0.6450773,0.24019766,0.09156096
595,0.18520655,0.015617926,0.0730365,0.726139
596,0.033265233,0.6893911,0.25878042,0.018563269
597,0.16671178,0.1545639,0.18632615,0.49239817
598,0.18132909,0.0972763,0.5151544,0.20624018
599,0.049877286,0.80168235,0.14066073,0.007779615
600,0.04769347,0.6830716,0.26756752,0.0016673763
601,0.35320315,0.1434393,0.3369878,0.16636978
602,0.14267823,0.15309267,0.69519484,0.009034244
603,0.38637313,0.037970953,0.535399,0.040256917
604,0.2083748,0.009889864,0.085576765,0.6961586
605,0.23264895,0.27867383,0.39464673,0.09403047
606,0.5495505,0.061204515,0.114991695,0.27425334
607,0.029007088,0.4578655,0.49376547,0.019361952
608,0.2748599,0.08235187,0.23604348,0.40674472
609,0.08961604,0.05751403,0.21663107,0.6362389
610,0.09874333,0.06199689,0.13039133,0.70886844
611,0.6968105,0.16187796,0.09517197,0.046139564
612,0.12927498,0.517323,0.26710835,0.08629369
613,0.3105557,0.12259657,0.4256259,0.14122184
614,0.13353565,0.11415536,0.74639386,0.005915109
615,0.48265806,0.06707796,0.24642196,0.203842
616,0.058999512,0.54869753,0.28899434,0.103308655
617,0.30008006,0.13662283,0.35736728,0.20592983
618,0.5866832,0.10042309,0.18303236,0.12986133
619,0.18540472,0.29872125,0.42754796,0.088326074
620,0.12940814,0.5131614,0.33199918,0.025431277
621,0.090255015,0.53288406,0.35625237,0.020608563
622,0.17314099,0.13624641,0.18096726,0.50964534
623,0.5702606,0.06905467,0.21573387,0.14495087
624,0.52665645,0.22618507,0.16545238,0.08170614
625,0.07452513,0.07881646,0.13171268,0.71494573
626,0.07316839,0.6578964,0.16640414,0.102531075
627,0.23269393,0.15560298,0.046039976,0.5656631
628,0.30118155,0.020887904,0.075362824,0.60256773
629,0.667943,0.11658719,0.18795659,0.02751325
630,0.19484007,0.06829574,0.42541012,0.31145406
631,0.30178064,0.29594505,0.34497917,0.057295155
632,0.46906793,0.15676163,0.34103462,0.033135798
633,0.46979457,0.20875144,0.25566128,0.065792724
634,0.25722665,0.07255798,0.23205037,0.438165
635,0.7272848,0.09345077,0.11227399,0.06699044
636,0.26948476,0.06476194,0.20992027,0.45583305
637,0.36519867,0.14905773,0.45716706,0.02857653
638,0.2926139,0.2745002,0.27635244,0.15653348
639,0.12226698,0.5628015,0.2762448,0.038686745
640,0.3742405,0.320634,0.27165672,0.033468798
641,0.15220584,0.026393184,0.39275903,0.42864195
642,0.32696036,0.50104487,0.13906793,0.032926843
643,0.0966013,0.5197676,0.09321333,0.29041782
644,0.20446339,0.21972516,0.17472316,0.4010883
645,0.04172304,0.0072715394,0.04930965,0.9016958
646,0.18211238,0.4902817,0.27205452,0.055551387
647,0.5233504,0.073720805,0.19649962,0.20642918
648,0.38509482,0.100997895,0.4564378,0.05746949
649,0.21182193,0.10837102,0.07102986,0.60877717
650,0.29735294,0.08221824,0.5830079,0.037420947
651,0.7346665,0.052736394,0.1982526,0.014344467
652,0.03806362,0.08665749,0.07641033,0.79886854
653,0.10650677,0.4149667,0.33399776,0.14452879
654,0.042775795,0.08061469,0.16286513,0.7137444
655,0.14051715,0.25009567,0.47140557,0.13798161
656,0.27454025,0.018521672,0.22747187,0.4794662
657,0.28901094,0.20719615,0.27216715,0.23162578
658,0.5601607,0.075930744,0.14734793,0.21656062
659,0.08757768,0.25568786,0.62018305,0.03655139
660,0.5241589,0.28650397,0.12166402,0.067673154
661,0.20688756,0.03606298,0.56805813,0.18899134
662,0.41755253,0.09359924,0.062162343,0.4266859
663,0.057637386,0.0163279,0.031193828,0.8948409
664,0.21042556,0.23964007,0.44792923,0.102005124
665,0.20223553,0.04078947,0.13555136,0.6214236
666,0.06571976,0.092356324,0.7525101,0.089413844
667,0.57817733,0.0516229,0.13051473,0.23968503
668,0.9164024,0.040793248,0.031706262,0.01109808
669,0.32027724,0.028345676,0.06051717,0.5908599
670,0.057643544,0.60344243,0.31859943,0.02031462
671,0.05800813,0.018426029,0.046095844,0.87747
672,0.34567583,0.13561283,0.4796407,0.039070662
673,0.0746791,0.08823941,0.09478039,0.7423011
674,0.14935316,0.55575025,0.2314244,0.063472204
675,0.23710173,0.036674764,0.10333605,0.62288743
676,0.27299336,0.1260956,0.5638325,0.03707857
677,0.5756208,0.1536496,0.23882163,0.031908028
678,0.059426382,0.017691785,0.10293377,0.8199481
679,0.3123386,0.1506956,0.52943337,0.0075324187
680,0.14922051,0.01958912,0.063796066,0.7673943
681,0.80491257,0.051988877,0.11826178,0.02483676
682,0.4882791,0.19613086,0.16075735,0.1548327
683,0.028028654,0.3816619,0.5841575,0.006151922
684,0.36646092,0.0442665,0.05606125,0.53321135
685,0.25551078,0.1254899,0.31884196,0.30015734
686,0.028208185,0.01978534,0.07691509,0.8750914
687,0.5814871,0.14242351,0.23962526,0.03646411
688,0.32680324,0.04103452,0.23839146,0.39377078
689,0.61048764,0.15913527,0.18392819,0.046448875
690,0.10024354,0.123885415,0.14422584,0.6316452
691,0.11540216,0.72401786,0.1481687,0.012411288
692,0.511462,0.11509516,0.3094456,0.06399727
693,0.17569911,0.18893595,0.53649586,0.09886908
694,0.39274448,0.1152904,0.13445741,0.3575077
695,0.04001675,0.051055156,0.030326061,0.878602
696,0.19135714,0.08023137,0.29433775,0.43407375
697,0.40892246,0.36551994,0.17697148,0.04858612
698,0.02145112,0.18088064,0.78212434,0.015543922
699,0.41478214,0.10282794,0.43188038,0.050509557
700,0.03679772,0.36785865,0.5457486,0.049595036
701,0.44481453,0.18009071,0.28854838,0.08654636
702,0.37852994,0.15472302,0.36738122,0.099365816
703,0.6166185,0.117305025,0.23811065,0.027965797
704,0.38628715,0.047689296,0.1122011,0.45382246
705,0.12896389,0.47739953,0.2616649,0.13197172
706,0.1639485,0.24537688,0.5008987,0.089775875
707,0.7154969,0.06948811,0.19122942,0.02378556
708,0.47450528,0.122155555,0.36923772,0.03410145
709,0.33301178,0.49521354,0.1349391,0.03683559
710,0.33406985,0.0824554,0.3825825,0.20089228
711,0.09926054,0.3199249,0.41227135,0.1685432
712,0.5304171,0.09703958,0.33374923,0.038794085
713,0.07353479,0.63964415,0.23450646,0.052314613
714,0.1317664,0.199091,0.5989711,0.07017145
715,0.55070716,0.13800168,0.15890588,0.15238528
716,0.30728215,0.03936742,0.38011888,0.27323154
717,0.17742315,0.59967124,0.047045104,0.17586052
718,0.14041263,0.41674364,0.40410358,0.03874015
719,0.30068094,0.041503213,0.066109255,0.5917066
720,0.5059141,0.10223511,0.37523296,0.016617825
721,0.11098646,0.62394536,0.2344115,0.030656679
722,0.09518656,0.6804428,0.14717941,0.07719122
723,0.16378197,0.39820787,0.3741722,0.06383795
724,0.25547218,0.0349833,0.70154876,0.007995785
725,0.01558566,0.49381545,0.39917806,0.09142083
726,0.13240509,0.3850935,0.41192284,0.07057854
727,0.02309745,0.73514354,0.1652858,0.07647323
728,0.08028503,0.05611224,0.04936435,0.81423837
729,0.045112018,0.21630639,0.6289102,0.1096714
730,0.02971909,0.10292507,0.0066852057,0.8606706
731,0.1763499,0.05759741,0.07117866,0.69487405
732,0.68009216,0.22412814,0.0740037,0.021776011
733,0.35988402,0.051241282,0.43838844,0.15048625
734,0.27238664,0.34496158,0.26420408,0.118447706
735,0.23255411,0.28347737,0.07645609,0.40751243
736,0.12596889,0.12746802,0.023795359,0.7227678
737,0.09373089,0.024537643,0.08435584,0.7973756
738,0.11368437,0.116487905,0.161647,0.6081807
739,0.077571385,0.49089172,0.35932317,0.07221373
740,0.07322894,0.5740698,0.27786863,0.07483262
741,0.35512793,0.04654987,0.5345308,0.063791394
742,0.3774039,0.041295495,0.5461347,0.035165906
743,0.55572397,0.13292912,0.14925325,0.16209368
744,0.046584137,0.50226986,0.44325912,0.0078869
745,0.030902838,0.02663757,0.025773425,0.9166862
746,0.4760326,0.06278349,0.100938834,0.36024505
747,0.5576555,0.043699864,0.2850314,0.11361322
748,0.0248912,0.8072606,0.088826366,0.079021886
749,0.17999168,0.084847115,0.034309566,0.7008516
750,0.3003435,0.040615167,0.53434205,0.12469925
751,0.052434534,0.02632797,0.031982303,0.8892552
752,0.46900377,0.19687909,0.24258955,0.09152758
753,0.055764273,0.64232683,0.26968572,0.032223176
754,0.046110332,0.010207563,0.05358399,0.8900981
755,0.0748329,0.040202,0.024116686,0.8608484
756,0.40731478,0.35282058,0.18019705,0.059667595
757,0.27144504,0.22399166,0.29849547,0.20606786
758,0.29861736,0.33314708,0.34032026,0.027915308
759,0.27313992,0.43183598,0.25418133,0.040842757
760,0.06531002,0.60310733,0.26437536,0.06720731
761,0.5034252,0.04006635,0.397272,0.059236478
762,0.2637414,0.10681089,0.22088699,0.40856072
763,0.13977087,0.43348074,0.3241449,0.1026035
764,0.26324418,0.036596987,0.036312323,0.6638465
765,0.13454245,0.65133363,0.14717048,0.066953436
766,0.52111727,0.06667475,0.19436114,0.21784686
767,0.24773441,0.05899456,0.435694,0.257577
768,0.05725989,0.022707669,0.3968697,0.5231628
769,0.08465564,0.3654706,0.51943004,0.030443765
770,0.14763345,0.16368717,0.03972655,0.64895284
771,0.13435759,0.52590597,0.29629222,0.043444242
772,0.04577125,0.09266167,0.16055585,0.70101124
773,0.1645233,0.22874306,0.19939291,0.4073407
774,0.16950186,0.11869847,0.6378535,0.07394614
775,0.123398766,0.6239357,0.22073899,0.03192657
776,0.14803468,0.73102045,0.09500184,0.025943048
777,0.2501952,0.26931134,0.4720852,0.0084082605
778,0.09679877,0.22624145,0.18841231,0.48854747
779,0.29020894,0.052771363,0.26862717,0.38839254
780,0.5707497,0.051066972,0.35495377,0.023229556
781,0.14927115,0.0023864503,0.098922946,0.74941945
782,0.06917644,0.8079651,0.0173909,0.10546757
783,0.25531203,0.2674364,0.23162612,0.24562545
784,0.052421097,0.0075024385,0.011969622,0.92810684
785,0.27715528,0.20984219,0.070429645,0.4425729
786,0.09078683,0.0702823,0.038103312,0.80082756
787,0.18032688,0.072138146,0.047497675,0.7000373
788,0.060722977,0.7966998,0.06975109,0.07282612
789,0.10222921,0.17924856,0.046218425,0.6723038
790,0.4638503,0.1830641,0.23518685,0.117898755
791,0.108879805,0.6888172,0.17535333,0.026949678
792,0.3895553,0.008072803,0.48845848,0.113913424
793,0.09685238,0.55784595,0.20373356,0.1415681
794,0.1343241,0.69985443,0.12452806,0.04129342
795,0.10403306,0.64114,0.072856605,0.18197034
796,0.031098342,0.4452432,0.46350956,0.0601489
797,0.106146924,0.19923414,0.096618764,0.59800017
798,0.15035155,0.038363628,0.6134842,0.19780064
799,0.38387176,0.3458355,0.16818759,0.10210513
800,0.15537858,0.534654,0.27169913,0.038268253
801,0.19029443,0.016177585,0.17531101,0.618217
802,0.22248036,0.035219137,0.050850846,0.69144964
803,0.08045276,0.16021371,0.025151517,0.734182
804,0.4004745,0.17626405,0.28597122,0.13729025
805,0.096229345,0.62709075,0.25675738,0.01992251
806,0.40161932,0.11078786,0.42713934,0.060453497
807,0.17254154,0.58913755,0.20660956,0.031711332
808,0.080531165,0.68199426,0.090439714,0.14703487
809,0.18047595,0.305244,0.3908435,0.12343652
810,0.36363676,0.07601377,0.3709094,0.18944007
811,0.14912005,0.3876004,0.32732204,0.13595751
812,0.16874854,0.14119932,0.36909255,0.3209596
813,0.56115234,0.09046536,0.17230196,0.17608035
814,0.13153723,0.02013198,0.13258812,0.7157427
815,0.07385538,0.23211315,0.30411255,0.38991892
816,0.2607673,0.08086958,0.49915847,0.15920465
817,0.017619405,0.09821732,0.8500532,0.034110058
818,0.068036236,0.020269088,0.0808648,0.83082986
819,0.1452899,0.46608365,0.21871436,0.16991211
820,0.122520365,0.6603814,0.03401498,0.18308327
821,0.11708101,0.06294036,0.6241343,0.19584434
822,0.2555572,0.00557877,0.7124526,0.026411446
823,0.661758,0.109318756,0.20114556,0.027777713
824,0.7457446,0.08383041,0.1255562,0.044868797
825,0.15747662,0.5017325,0.2384923,0.102298565
826,0.27844408,0.12165438,0.22683556,0.37306598
827,0.5774881,0.15196526,0.25555444,0.014992211
828,0.06526785,0.039316945,0.08042245,0.8149927
829,0.2921009,0.03127789,0.07327799,0.6033432
830,0.25563076,0.025061082,0.18887077,0.53043735
831,0.46242547,0.029814823,0.47162515,0.03613455
832,0.05953375,0.6266521,0.23771314,0.07610099
833,0.39269626,0.23325862,0.21513668,0.15890844
834,0.03445648,0.6927504,0.1807215,0.09207162
835,0.5428807,0.06194772,0.109659635,0.28551197
836,0.4864855,0.08611268,0.3376373,0.08976452
