,Prob_0,Prob_1,Prob_2,Prob_3,Prob_4,Prob_5,Prob_6,Prob_7,Prob_8,Prob_9
0,0.95839614,0.0040681125,0.0005844721,0.0013234458,0.016032936,0.006835185,0.0030906843,0.0019486961,0.004747739,0.0029726154
1,0.0020097373,0.8436657,0.04315376,0.011998318,0.015167288,0.004958607,0.0032831996,0.023113785,0.042468023,0.010181563
2,0.0070696524,0.15205497,0.4034035,0.020738661,0.05340545,0.010274214,0.050876167,0.011632371,0.26477003,0.025774974
3,0.0,0.007111236,0.02364377,0.7582522,0.0,0.1178934,0.0040414915,0.0,0.020349886,0.06870803
4,0.155576,0.046402276,0.007816165,0.0010775862,0.6823444,0.0010087967,0.06264335,0.01875905,0.021985698,0.0023867162
5,0.001953125,0.012415195,0.0066964286,0.24870852,0.00078125,0.24531962,0.005514706,0.005055147,0.09783241,0.3757236
6,0.012030281,0.061829768,0.008346689,0.0031702898,0.04006657,0.014940499,0.84105617,0.0,0.016806677,0.0017530487
7,0.0030646136,0.037786584,0.026566004,0.014319003,0.055749636,0.0062162145,0.0017361111,0.7912051,0.028846813,0.03450991
8,0.013062524,0.011269126,0.06285952,0.08017753,0.003482143,0.009141606,0.0078378655,0.0065270057,0.72574264,0.07990004
9,0.014709452,0.04045831,0.011505637,0.07600845,0.06267438,0.104326285,0.0316723,0.00036764707,0.082074106,0.5762034
10,0.9041122,0.00059589016,0.0023422847,0.003604244,0.012777728,0.0066854274,0.014314739,0.031462584,0.011041142,0.013063761
11,0.002335258,0.8624735,0.014126195,0.010718382,0.030729154,0.011044807,0.0051948093,0.011849956,0.044813,0.006714968
12,0.0,0.07471891,0.74676615,0.02554194,0.0,0.05495618,0.007619017,0.0014973958,0.06963811,0.019262295
13,0.0,0.015044352,0.018140666,0.9110878,0.0005681818,0.009954545,0.0,0.004153219,0.020366734,0.02068448
14,0.004120385,0.008236913,0.0013179522,0.0010775862,0.9493858,0.006783881,0.008850911,0.012656336,0.0057223933,0.0018478241
15,0.0037035986,0.010751777,0.0025416932,0.0062667336,0.0034965766,0.9246546,0.0071034753,0.017891364,0.011412622,0.012177546
16,0.0038383068,0.05042178,0.030450616,0.0050801975,0.07962446,0.08806894,0.713372,0.018311404,0.0108323125,0.0
17,0.03010979,0.04074908,0.027333012,0.034343433,0.07474519,0.0133572975,0.0010179924,0.70983845,0.046350844,0.022154931
18,0.0048508313,0.028724363,0.025284728,0.097262904,0.012160765,0.028370429,0.0079978155,0.19634408,0.58757323,0.011430833
19,0.00045620438,0.07866296,0.08056436,0.31501567,0.0,0.0853643,0.011271699,0.0,0.017280512,0.41138428
20,0.8267691,0.0039694696,0.007898702,0.0038426705,0.01476001,0.0061084605,0.00980085,0.0023432667,0.032102272,0.09240517
21,0.0,0.7959214,0.05374202,0.038548656,0.010605303,0.0040079206,0.0071862307,0.008994196,0.052406553,0.028587757
22,0.00074404763,0.012747423,0.9238836,0.017006958,0.0,0.0020365217,0.0010245901,0.004364575,0.033098307,0.0050939564
23,0.008140757,0.0038545376,0.055406313,0.7271622,0.0,0.013816621,0.0,0.040912483,0.039663106,0.11104403
24,0.026609354,0.13367383,0.005609827,0.0050918874,0.551494,0.03322035,0.07458473,0.06511987,0.08646681,0.018129313
25,0.0037684254,0.01574385,0.0041759848,0.03463551,0.011396639,0.8181493,0.04898723,0.034830183,0.024301514,0.004011332
26,0.03763199,0.056829166,0.0010536604,0.0012545926,0.008225301,0.003987828,0.85632545,0.0,0.03450148,0.00019054877
27,0.012563073,0.076034226,0.008806195,0.0818287,0.23923923,0.09616838,0.04117914,0.30975446,0.060305275,0.07412133
28,0.010389821,0.026319792,0.025637586,0.058723703,0.01825487,0.024946734,0.010671877,0.03333613,0.7540796,0.037639894
29,0.0,0.01948887,0.033424273,0.23166332,0.0,0.08782577,0.030068427,0.0,0.034472197,0.5630571
30,0.96325946,0.00059589016,0.0005844721,0.0054901126,0.00561627,0.013109987,0.004799766,0.00021258503,0.0033588503,0.0029726154
31,0.008792209,0.061618257,0.052082576,0.22799884,0.0072115385,0.03708283,0.009727642,0.0,0.03974896,0.55573714
32,0.0039804205,0.008499434,0.002104654,0.007862865,0.008693538,0.9443425,0.0025887608,0.0047947303,0.0103620915,0.0067710397
33,0.002124183,0.06328082,0.016746664,0.06489492,0.029511243,0.47545224,0.0027754933,0.077471554,0.15213838,0.115604505
34,0.0048367395,0.0043392754,0.018589543,0.00040105302,0.0069457544,0.005075537,0.94488204,0.0,0.014739512,0.00019054877
35,0.008832778,0.020330507,0.011918362,0.005297977,0.018938687,0.8777945,0.0031930609,0.025928361,0.01559442,0.012171323
36,0.8515844,0.00020032052,0.014079304,0.0060048685,0.008912425,0.004234499,0.009476161,0.0059570703,0.05219329,0.04735766
37,0.00045620438,0.09064641,0.11446197,0.27158666,0.0,0.23955444,0.044050306,0.0,0.030424474,0.20881952
38,0.04268661,0.036746304,0.05462467,0.036383074,0.04976255,0.0798405,0.025694445,0.09152244,0.50842375,0.07431566
39,0.005004958,0.030517979,0.0061193365,0.12371847,0.0014880953,0.059254553,0.001397792,0.00033967392,0.02778125,0.7443779
40,0.005143017,0.05933207,0.027919289,0.020465842,0.010188626,0.015232701,0.0033639953,0.0074960305,0.8321472,0.018711267
41,0.005644775,0.034213476,0.0031929521,0.0017025862,0.9280695,0.0071094017,0.0063306675,0.009313177,0.002575692,0.0018478241
42,0.0037760416,0.6543276,0.017928658,0.06577551,0.14859444,0.0066336677,0.009782384,0.024825977,0.052664444,0.015691312
43,0.004999902,0.019010432,0.005027269,0.055035178,0.12682095,0.034317296,0.00830033,0.7045711,0.009640537,0.03227699
44,0.0006868132,0.0132997725,0.00027901787,0.004238222,0.033664294,0.06613984,0.00023674243,0.8613701,0.014855912,0.0052293227
45,0.0,0.02071589,0.018496946,0.8703723,0.0,0.014770294,0.0031006846,0.00058962265,0.008165651,0.06378863
46,0.05798611,0.15164484,0.03132588,0.06475621,0.07967406,0.28703997,0.0,0.061442394,0.17952472,0.08660581
47,0.003442029,0.85914844,0.010785476,0.018692577,0.018872954,0.011782846,0.0006127451,0.011840702,0.0294206,0.035401642
48,0.93869036,0.00059589016,0.000727446,0.012307492,0.0046937517,0.0072489087,0.028533716,0.00021258503,0.0050635054,0.0019263584
49,0.9766244,0.00059589016,0.00093169435,0.0051164683,0.0011959984,0.004154102,0.0025212765,0.00021258503,0.00527149,0.0033760779
50,0.02048844,0.0317328,0.53585714,0.03541482,0.06494391,0.035238244,0.0054501486,0.04265276,0.22219992,0.0060218256
51,0.04230935,0.0635631,0.65333045,0.014035924,0.04640139,0.0,0.015298763,0.020524945,0.14249282,0.0020432693
52,0.002346787,0.009410869,0.0069444445,0.0112796435,0.15970235,0.04443152,0.0006188382,0.68472713,0.022505684,0.058032725
53,0.015805895,0.011552033,0.08180023,0.042229626,0.0125266,0.0040624705,0.0037725267,0.06535073,0.7328026,0.030097276
54,0.027060935,0.15210183,0.27141717,0.032340594,0.13158557,0.0027519614,0.037601426,0.10441145,0.2128737,0.027855378
55,0.8818316,0.026006244,0.0040783957,0.0038956665,0.021111062,0.009804769,0.022253502,0.017920919,0.009541773,0.003556096
56,0.0013586957,0.8297468,0.008006417,0.038709577,0.025453247,0.005954845,0.001540963,0.0072892713,0.04358198,0.03835821
57,0.010231854,0.18538213,0.38593045,0.03548563,0.08150374,0.010304407,0.005732505,0.029172432,0.24543858,0.01081829
58,0.0063819895,0.0038882187,0.031311598,0.0057188785,0.005309094,0.0077105775,0.92582095,0.0,0.013668148,0.00019054877
59,0.0,0.039926372,0.090813726,0.7866511,0.0044744317,0.013245015,0.0,0.013708099,0.027590763,0.023590527
60,0.003125,0.015832188,0.06607445,0.81131524,0.0026041667,0.0038167357,0.003125,0.005523833,0.055537816,0.03304556
61,0.04727116,0.020004597,0.051162347,0.02050789,0.066897005,0.010552302,0.0010179924,0.6734033,0.08912929,0.020054078
62,0.0,0.008310588,0.043364987,0.85271096,0.0,0.005048071,0.0019432773,0.021148833,0.008165651,0.059307653
63,0.0,0.036183156,0.11980148,0.7829829,0.0,0.014519101,0.0,0.0007048872,0.033454,0.012354509
64,0.016487824,0.007947989,0.008225796,0.0012845398,0.77106494,0.08250096,0.107981645,0.0018698141,0.0018495301,0.00078697345
65,0.008986156,0.0024216617,0.003657827,0.0012545926,0.0055146865,0.004443947,0.96576524,0.0,0.0077653704,0.00019054877
66,0.012063808,0.012042126,0.0055393064,0.00085395155,0.02253279,0.02942957,0.9140964,0.0,0.0032514816,0.00019054877
67,0.032066546,0.00821495,0.038313277,0.0057680253,0.007544601,0.012112731,0.85176694,0.00043402778,0.03637684,0.007402087
68,0.0052455356,0.04952823,0.011036516,0.010416667,0.622833,0.027955184,0.0033280791,0.112198114,0.07615019,0.081308484
69,0.008106557,0.039264787,0.055745173,0.046010144,0.0630787,0.17564963,0.0014534884,0.27682868,0.15973988,0.17412297
70,0.0020097373,0.71161824,0.08035963,0.033097528,0.0575867,0.0057072556,0.0069309203,0.012717058,0.058803875,0.03116903
71,0.008572361,0.008271084,0.0037945597,0.031696174,0.01103175,0.8784658,0.004592315,0.027598092,0.010862122,0.01511577
72,0.7229871,0.033965476,0.002352686,0.00858808,0.081221946,0.026207093,0.054406628,0.0034722222,0.008504753,0.058294024
73,0.00051229505,0.01462313,0.033159815,0.19726634,0.0,0.10479384,0.00024038462,0.0,0.043214794,0.6061894
74,0.0036963294,0.09348947,0.016113734,0.05773815,0.016248101,0.61841035,0.038637917,0.0025579894,0.12624113,0.02686684
75,0.051618304,0.21677794,0.54957855,0.020090973,0.07068179,0.00023496241,0.010286459,0.0362192,0.04032402,0.0041877814
76,0.0056341877,0.04017617,0.08439433,0.018148672,0.017365467,0.011812095,0.025666261,0.069866806,0.678719,0.04821702
77,0.0013586957,0.23251048,0.3992942,0.055536747,0.055496976,0.0077002402,0.021494867,0.07370513,0.11978677,0.033115916
78,0.86950845,0.0020163446,0.0032478245,0.037493486,0.0078196395,0.0031730605,0.031423204,0.0023432667,0.035630226,0.007344489
79,0.98892975,0.00059589016,0.00093169435,0.001044428,0.0011959984,0.0033629627,0.0021257068,0.00021258503,0.00082908827,0.0007719111
80,0.0013586957,0.8269734,0.056104463,0.0065995473,0.016742105,0.0047080014,0.0023435142,0.026764447,0.035503946,0.022901915
81,0.0006868132,0.007429611,0.00027901787,0.004238222,0.04164985,0.0028723713,0.00023674243,0.9192052,0.011927828,0.011474386
82,0.012063808,0.0038184419,0.0038945694,0.00085395155,0.018047145,0.003711867,0.9541682,0.0,0.0032514816,0.00019054877
83,0.0,0.017167099,0.0846748,0.8045229,0.0078125,0.012970031,0.0,0.018544666,0.018758105,0.03554992
84,0.0,0.025606064,0.9318903,0.014971473,0.0,0.0053875796,0.0024038462,0.0026459447,0.014997069,0.002097733
85,0.0020097373,0.77574635,0.012316877,0.035085943,0.07850151,0.0064476556,0.00539513,0.028000465,0.0514693,0.005027051
86,0.17712687,0.032319505,0.050646443,0.05228481,0.19256873,0.032626487,0.0032894737,0.40714908,0.04887143,0.0031171534
87,0.0022193328,0.0910144,0.015309343,0.0073645106,0.6061653,0.17625149,0.017014539,0.02485806,0.048164856,0.011638156
88,0.006990412,0.013604626,0.009631862,0.003241962,0.039071035,0.016412428,0.89979315,0.0,0.009501481,0.0017530487
89,0.0,0.0076744235,0.11442643,0.79896295,0.0,0.010722757,0.0,0.012306415,0.007426803,0.04848023
90,0.0020097373,0.8028702,0.017588848,0.03880379,0.024122078,0.008440641,0.0041451296,0.014882489,0.04707544,0.040061608
91,0.0,0.065303035,0.05387494,0.7911867,0.001953125,0.016937047,0.0,0.0057606455,0.040435966,0.024548564
92,0.0067708334,0.008003397,0.111076325,0.16350783,0.00027901787,0.03780014,0.0,0.0006127451,0.06682978,0.60511994
93,0.00093513256,0.7043316,0.011453175,0.007178251,0.20525295,0.004597683,0.0032995606,0.0065307464,0.052480064,0.0039408403
94,0.0062336153,0.003736505,0.006653977,0.003498196,0.022745501,0.028667057,0.00023674243,0.89359725,0.011643432,0.022987723
95,0.010769774,0.21234223,0.0087728035,0.0092893215,0.16172242,0.03347379,0.43140566,0.009527725,0.10192056,0.020775693
96,0.019804498,0.13951047,0.032864824,0.03152843,0.012076678,0.08408981,0.008490465,0.08103738,0.5513946,0.03920286
97,0.0064170584,0.05014979,0.002930347,0.0017025862,0.8941055,0.0054573887,0.021001909,0.00931242,0.0073378123,0.001585219
98,0.0,0.014484884,0.12632008,0.8230738,0.0,0.005534139,0.0,0.0028217656,0.01167331,0.016092025
99,0.001107246,0.79301196,0.015896475,0.005033204,0.06976584,0.042473074,0.01907847,0.012564817,0.039534014,0.0015348737
100,0.011822464,0.009179038,0.002305347,0.0010775862,0.9275174,0.005896377,0.0053362143,0.0071993247,0.022017036,0.007649207
101,0.7747591,0.009369928,0.0060546873,0.018375281,0.026942393,0.0075246724,0.12172246,0.00021258503,0.008443867,0.026595006
102,0.0039804205,0.03766728,0.00249613,0.012947231,0.00919459,0.8805681,0.0026391896,0.003492647,0.033802725,0.013211709
103,0.0,0.055164903,0.026135778,0.3841705,0.016172191,0.07058935,0.0,0.22225346,0.19407195,0.031441875
104,0.020883469,0.034045942,0.051745523,0.002536232,0.19753206,0.06713652,0.60869414,0.002167433,0.014657738,0.00060096156
105,0.001414928,0.012761552,0.01055882,0.112724416,0.00027901787,0.024672478,0.00024038462,0.0006127451,0.001292816,0.83544284
106,0.007869868,0.13649987,0.020935575,0.0074774106,0.09486765,0.023133626,0.67601043,0.0,0.026570037,0.006635552
107,0.002335258,0.6744316,0.039407555,0.03816895,0.045429926,0.014322917,0.001540963,0.015410636,0.09657861,0.07237358
108,0.005962787,0.03882752,0.003119927,0.06334217,0.07339609,0.0012449736,0.00023674243,0.78588414,0.021000987,0.0069846753
109,0.0033155268,0.047034495,0.003723086,0.015217998,0.006980903,0.8057668,0.04012983,0.0016697304,0.066056624,0.0101049915
110,0.0057854406,0.022561358,0.0014204546,0.0,0.7227011,0.18184714,0.0121914735,0.027697636,0.0049742386,0.02082117
111,0.002420056,0.026693795,0.025138402,0.008724366,0.75098556,0.12235314,0.015942577,0.038461547,0.0043390747,0.004941477
112,0.0076797386,0.018098535,0.0077107404,0.003615005,0.08236362,0.031897824,0.0049242424,0.8154355,0.020108461,0.008166334
113,0.00074404763,0.14638615,0.75280154,0.021808498,0.007001679,0.00054746243,0.0125,0.017562546,0.035919473,0.0047286185
114,0.0058363583,0.07366813,0.06773752,0.020089433,0.013920319,0.012639918,0.011403507,0.04855709,0.73347545,0.01267226
115,0.020252964,0.09220762,0.5480071,0.064812705,0.0082271695,0.0022521322,0.005672269,0.05646104,0.18136048,0.020746555
116,0.017311508,0.040418014,0.7194942,0.032928072,0.024759615,0.0022521322,0.00089285715,0.026874905,0.109300934,0.025767721
117,0.003443182,0.019842034,0.033140652,0.005767101,0.00323616,0.86720943,0.02287455,0.018216886,0.016667238,0.00960275
118,0.00034722223,0.009184846,0.0019053353,0.0085878605,0.014398824,0.0029195899,0.0010179924,0.9138141,0.021486677,0.026337536
119,0.0052638967,0.038453937,0.012984483,0.062053155,0.009400949,0.028021224,0.012297772,0.000952419,0.008274968,0.8222972
120,0.009331597,0.06640373,0.01794465,0.11775756,0.07445844,0.37367755,0.001953125,0.05528326,0.122549884,0.1606402
121,0.0044724834,0.06420169,0.00025406503,0.0078125,0.82281744,0.006759472,0.00442602,0.06464431,0.011670528,0.012941504
122,0.003026297,0.27088022,0.043827858,0.05472305,0.0127577735,0.014493915,0.004172127,0.05024105,0.53299576,0.012881971
123,0.002436067,0.25143167,0.18752454,0.026564797,0.017292485,0.0028324812,0.0039865733,0.008992518,0.49257198,0.006366865
124,0.006870467,0.009838475,0.0013179522,0.0010775862,0.9536024,0.008266809,0.004765011,0.010682224,0.0013502018,0.0022289217
125,0.02001772,0.01875251,0.041046865,0.29949778,0.026552504,0.09901937,0.00089285715,0.0067886715,0.17194693,0.3154848
126,0.9413668,0.0058042235,0.002463557,0.0044674627,0.015260845,0.0048408094,0.011172778,0.0019486961,0.012107156,0.00056766276
127,0.061804052,0.06949161,0.032424465,0.04850069,0.045756213,0.03270174,0.01875,0.12184603,0.54937994,0.019345239
128,0.0023946443,0.058227398,0.006286172,0.027269524,0.00027901787,0.02075604,0.00024038462,0.0052137827,0.015366966,0.86396605
129,0.00074404763,0.36704296,0.0317171,0.05658631,0.028856982,0.03890144,0.017183792,0.020964907,0.3820895,0.055912964
130,0.9766332,0.00059589016,0.00093169435,0.0017190154,0.006441534,0.004154102,0.00726458,0.00021258503,0.0012755168,0.0007719111
131,0.0020833334,0.7075017,0.003637295,0.013936725,0.018485349,0.012306549,0.007308837,0.0041236873,0.0347356,0.19588095
132,0.0,0.051475484,0.86925226,0.012145947,0.0,0.0053136293,0.0072115385,0.0026459447,0.049141794,0.002813382
133,0.0197601,0.021351403,0.054618973,0.665548,0.006814339,0.033263456,0.0,0.10657137,0.0412875,0.05078486
134,0.014011169,0.08157284,0.00076636014,0.0015368853,0.8503871,0.006391582,0.0042465623,0.026010659,0.0032800164,0.0117967995
135,0.003443182,0.0063869907,0.010354193,0.0099410955,0.005791365,0.9304384,0.0023560075,0.01552394,0.0068770554,0.0088878
136,0.008986156,0.0024216617,0.003657827,0.007951021,0.0051140455,0.017836805,0.94384444,0.002232143,0.0077653704,0.00019054877
137,0.0069444445,0.008939907,0.017629541,0.007085747,0.01316025,0.0021008826,0.0010179924,0.9216377,0.012363508,0.009119988
138,0.01527757,0.1483562,0.016946645,0.032326307,0.031012941,0.020139404,0.001459215,0.016082648,0.69403464,0.024364421
139,0.00096849946,0.011172741,0.00988634,0.12119854,0.00027901787,0.022853153,0.001397792,0.0046010376,0.014485881,0.813157
140,0.9558475,0.00059589016,0.0005844721,0.005231848,0.00952252,0.012851723,0.0049157534,0.00021258503,0.0033588503,0.0068788654
141,0.0070895106,0.77317876,0.007865104,0.008689174,0.11074384,0.019567193,0.0028007075,0.008930505,0.025976704,0.035158485
142,0.0014880953,0.13875695,0.4613454,0.061854076,0.0024038462,0.024339994,0.002050581,0.02748451,0.27005535,0.010221185
143,0.0,0.017809998,0.053010035,0.874477,0.0,0.007304459,0.00089285715,0.00058962265,0.015120239,0.030795734
144,0.0008339961,0.102537215,0.003125,0.007932693,0.74843866,0.012207913,0.026435722,0.04909313,0.026044767,0.023350932
145,0.0029683046,0.053231,0.050336204,0.065578334,0.0039884867,0.72210115,0.032074798,0.0027113971,0.06472099,0.0022893425
146,0.0048367395,0.0032232038,0.0003603772,0.00040105302,0.008682687,0.005075537,0.9703028,0.0,0.0069270115,0.00019054877
147,0.003787879,0.038525425,0.031983737,0.017249726,0.028206661,0.013261597,0.0010179924,0.84364605,0.013200946,0.009119988
148,0.019446235,0.025498684,0.019726422,0.011703791,0.013261811,0.0026158707,0.032118056,0.015526904,0.8323673,0.027734922
149,0.004573371,0.031616718,0.0059270686,0.0214558,0.0033332084,0.03610741,0.00066268194,0.0022150453,0.0051703127,0.88893837
150,0.78218246,0.0060212375,0.0045381435,0.04029763,0.031524535,0.0068825157,0.06224958,0.00021258503,0.014195247,0.051896073
151,0.010138458,0.69109654,0.0031115268,0.026524602,0.067610964,0.024907498,0.0026041667,0.047040515,0.03875672,0.08820902
152,0.0014233955,0.088849574,0.70822686,0.057643298,0.001953125,0.004272676,0.0,0.024966374,0.1005247,0.012139993
153,0.0026785715,0.021650406,0.032118857,0.7832168,0.0078125,0.021377828,0.00089285715,0.0109375,0.035100758,0.08421394
154,0.018564595,0.07936629,0.003379065,0.003125,0.8153293,0.015229555,0.004904773,0.031422034,0.026619602,0.0020597996
155,0.08951815,0.002701299,0.0013931888,0.013862968,0.0052848314,0.83323956,0.022559056,0.010169207,0.015804837,0.005466892
156,0.0063819895,0.012042126,0.0026983973,0.00085395155,0.0057171155,0.015225025,0.9241255,0.00043402778,0.032331344,0.00019054877
157,0.019444445,0.02059249,0.002015129,0.0046429657,0.05803431,0.029527623,0.015661422,0.83542705,0.00909916,0.0055553922
158,0.0070391386,0.11229048,0.03372728,0.037446078,0.048207182,0.008237401,0.035760332,0.05649523,0.63632905,0.024467845
159,0.002388954,0.0084067015,0.0066641937,0.108437546,0.0007013152,0.026498169,0.00024038462,0.00033967392,0.014296951,0.8320261
160,0.96281004,0.00059589016,0.0025375972,0.0020417438,0.009973241,0.004081261,0.0105698,0.00021258503,0.0032286418,0.003949178
161,0.0,0.07877202,0.04020074,0.14441001,0.012570773,0.035941176,0.001397792,0.001364264,0.028665202,0.656678
162,0.0029683046,0.019169284,0.0027829616,0.017612578,0.002676031,0.87718827,0.0066807843,0.002111561,0.062388185,0.006422041
163,0.0037904042,0.0050998735,0.0013931888,0.00893494,0.0056098625,0.9099035,0.0023560075,0.04092205,0.009014869,0.012975297
164,0.03835279,0.0071757566,0.008612421,0.0056147953,0.005690394,0.03864705,0.8813415,0.0,0.007163174,0.007402087
165,0.004050821,0.007255046,0.0013931888,0.013132244,0.0027452793,0.9380588,0.0023560075,0.00927394,0.008320425,0.013414242
166,0.920974,0.001367495,0.004723055,0.005928826,0.0058314386,0.004449156,0.007592253,0.00021258503,0.03907083,0.009850325
167,0.0032971136,0.034397963,0.013847515,0.05405207,0.0021894104,0.031058237,0.007070707,0.000952419,0.03226078,0.8208738
168,0.004988592,0.041031256,0.016985776,0.031861246,0.024654493,0.02581632,0.032709215,0.024376063,0.759475,0.03810204
169,0.001414928,0.011172741,0.010736365,0.1021379,0.0007013152,0.055892613,0.00024038462,0.00033967392,0.010915542,0.8064485
170,0.0062578884,0.13099863,0.11126622,0.055858158,0.021067213,0.010443283,0.016813653,0.03194325,0.5886507,0.026701009
171,0.016077898,0.11635241,0.0064144735,0.0045375633,0.7139925,0.025186704,0.059875812,0.03411359,0.016954282,0.0064948113
172,0.0012019231,0.61738366,0.035683133,0.030999903,0.076721504,0.020792484,0.004340278,0.020079147,0.072323695,0.12047426
173,0.0010340355,0.0035453462,0.015343286,0.033103123,0.01192192,0.00869345,0.00023674243,0.9061031,0.0041979887,0.015821036
174,0.0010340355,0.002509191,0.0035878976,0.0034777084,0.010951009,0.0050969454,0.00023674243,0.94695973,0.013045624,0.013101093
175,0.0,0.014695035,0.045341704,0.90335405,0.0,0.008034139,0.0,0.0024671052,0.010659964,0.015447974
176,0.0043684924,0.007450534,0.0027169737,0.005046429,0.0038516903,0.94945115,0.0031930609,0.008737612,0.010129711,0.005054337
177,0.053236637,0.6084345,0.009911616,0.018537106,0.115804486,0.023011476,0.015932526,0.011232333,0.04571962,0.09817968
178,0.90756685,0.00059589016,0.00093169435,0.006863551,0.0035998446,0.009919388,0.04483747,0.00021258503,0.015940184,0.009532535
179,0.8120366,0.017982457,0.0046209306,0.013234747,0.076031186,0.0025955462,0.017437039,0.009846448,0.009129383,0.03708568
180,0.008556548,0.010489183,0.9120962,0.020986522,0.0,0.0053720796,0.0,0.0052597313,0.02515892,0.012080803
181,0.00074404763,0.03963076,0.91553116,0.018874943,0.0,0.00090175896,0.0,0.010097405,0.012298209,0.0019216939
182,0.0006868132,0.005958205,0.014878821,0.005295572,0.010697793,0.0061039054,0.00023674243,0.9376655,0.007932058,0.010544558
183,0.0054784315,0.043622106,0.03170947,0.035895336,0.0051178713,0.013497567,0.01390582,0.011992015,0.8142613,0.024520066
184,0.0072975517,0.05023809,0.8700108,0.013695776,0.00017655367,0.003729333,0.034821816,0.0026459447,0.015286411,0.002097733
185,0.8178605,0.0004111842,0.02995874,0.018321699,0.06794743,0.0071316813,0.005999271,0.00021258503,0.022172812,0.029984092
186,0.0013586957,0.8078956,0.041082885,0.011058196,0.027188623,0.012465262,0.0036538462,0.017160596,0.04031484,0.03782147
187,0.0,0.07865827,0.84897447,0.0144383,0.0025,0.0011987354,0.004571678,0.00032552084,0.028850894,0.020482132
188,0.0055908505,0.006259362,0.00086983683,0.022762232,0.0044931844,0.039998304,0.9165842,0.0,0.0032514816,0.00019054877
189,0.00045620438,0.005583723,0.015990091,0.8342113,0.0,0.0033765128,0.0010504202,0.00058962265,0.034402214,0.10433994
190,0.00067934784,0.03792746,0.045397226,0.82947034,0.0052083335,0.0065755206,0.0010504202,0.007855835,0.006882041,0.058953494
191,0.0,0.037345637,0.008616178,0.0038121557,0.11163719,0.10777201,0.0030776516,0.7138518,0.006786032,0.0071013533
192,0.022438673,0.018661851,0.075025395,0.6428688,0.0025883839,0.023461161,0.00089285715,0.08383164,0.04094469,0.08928656
193,0.00045620438,0.01501131,0.044841886,0.8473413,0.0052083335,0.0035491139,0.0010504202,0.008916103,0.0077316235,0.06589369
194,0.036637846,0.17582648,0.0029205163,0.007971939,0.6853913,0.0046102544,0.011086565,0.0133887995,0.049078062,0.013088258
195,0.005929091,0.006348204,0.0006007618,0.00040105302,0.005872609,0.005578682,0.9709309,0.0,0.004148154,0.00019054877
196,0.0063819895,0.0048601087,0.0010536604,0.00085395155,0.0051140455,0.0047535338,0.97354066,0.0,0.0032514816,0.00019054877
197,0.008144457,0.0013799949,0.0010536604,0.0030136183,0.006311255,0.019615645,0.95793533,0.0,0.0023554815,0.00019054877
198,0.008147027,0.15207718,0.0056553585,0.013917073,0.5382296,0.024041647,0.14764577,0.058688086,0.04714378,0.0044544954
199,0.004689511,0.052373607,0.0033001194,0.071234494,0.01827391,0.047753837,0.0018200893,0.006980299,0.055927146,0.737647
200,0.026198894,0.7153713,0.021712668,0.035949036,0.06143243,0.000541335,0.026956173,0.030452332,0.07067974,0.01070607
201,0.0037684254,0.031101933,0.0051525473,0.01474412,0.007906558,0.8532275,0.038519893,0.0047947303,0.03616989,0.004614402
202,0.96866417,0.00059589016,0.00093169435,0.0026276815,0.009158925,0.0031046984,0.009531941,0.00021258503,0.004400517,0.0007719111
203,0.025366852,0.023379212,0.043284707,0.055089585,0.049895935,0.0907048,0.007241629,0.008766864,0.029673386,0.666597
204,0.11864332,0.0037863685,0.030690065,0.015878096,0.0052848314,0.7736948,0.023396108,0.007328298,0.01471515,0.0065829637
205,0.00067934784,0.03607126,0.77153105,0.030755492,0.0015368853,0.0017694276,0.0012019231,0.04738806,0.06742031,0.04164626
206,0.0026902754,0.15530513,0.035270967,0.03711073,0.03897335,0.01957096,0.0032855137,0.016812531,0.65903044,0.03195011
207,0.00074404763,0.14330818,0.6660941,0.038805764,0.007570945,0.006807693,0.0028409092,0.03141552,0.09393282,0.008480027
208,0.7718345,0.030448718,0.0017329764,0.0026259448,0.17334028,0.0030397961,0.008247746,0.005721399,0.00223674,0.0007719111
209,0.6166447,0.041583806,0.00034722223,0.016423116,0.09086509,0.036465008,0.1249232,0.0078125,0.037462853,0.027472528
210,0.0017517774,0.7958302,0.008941277,0.009560148,0.08616852,0.013329595,0.009668839,0.019450279,0.05171133,0.0035880138
211,0.0033684329,0.202894,0.0067777983,0.015161078,0.10692371,0.009805079,0.005626496,0.5996021,0.029905297,0.019936029
212,0.0063819895,0.03125936,0.0010536604,0.0038052772,0.0064834533,0.05901054,0.88615984,0.0,0.0032514816,0.0025943948
213,0.0,0.020848297,0.11686794,0.77781093,0.0,0.013847757,0.0,0.040582184,0.015420539,0.01462237
214,0.0010971549,0.121090166,0.7005919,0.013650454,0.002259887,0.024882423,0.030014124,0.015294754,0.08678966,0.0043294523
215,0.0062415083,0.59766567,0.05464798,0.09030685,0.030794675,0.016586538,0.003944809,0.03314433,0.14382783,0.022839813
216,0.00034722223,0.034046,0.0055325674,0.009718617,0.050653,0.01463834,0.0010179924,0.84696984,0.027152939,0.0099234795
217,0.0,0.05457385,0.06805337,0.66943175,0.00047348486,0.03372483,0.0019432773,0.037400495,0.041214388,0.09318453
218,0.034846906,0.5900937,0.014006697,0.011468653,0.059786,0.06986321,0.004203247,0.057595417,0.02722576,0.13091044
219,0.0,0.04709831,0.06877454,0.8244325,0.0,0.019221937,0.00089285715,0.0062287203,0.014012874,0.019338258
220,0.0098561095,0.0037805557,0.006707499,0.01966729,0.00904362,0.12235087,0.0077376612,0.02714989,0.018193746,0.77551275
221,0.0,0.8223702,0.023245635,0.0109951515,0.015672894,0.0012853825,0.060642876,0.002318637,0.05348411,0.009985128
222,0.018655304,0.008026937,0.004182572,0.0050892197,0.010703697,0.0026491282,0.004498106,0.9287939,0.010204209,0.0071969116
223,0.006990412,0.011666697,0.006506862,0.003241962,0.016200438,0.034015678,0.86252534,0.00043402778,0.058228016,0.00019054877
224,0.0068368604,0.11261748,0.01321742,0.120340586,0.015204781,0.000541335,0.06766246,0.026532698,0.62102145,0.016024936
225,0.0007369895,0.09286517,0.001035315,0.010452742,0.81210095,0.005140159,0.016780436,0.03774519,0.013914425,0.009228617
226,0.022438673,0.0186919,0.07432535,0.60743314,0.004541509,0.03985239,0.00089285715,0.13762759,0.04913152,0.04506506
227,0.0076171877,0.6958406,0.036157515,0.006652162,0.14110039,0.0047204024,0.0037226889,0.033396218,0.05473569,0.016057158
228,0.00045289856,0.1535026,0.004513889,0.010452742,0.7221358,0.02309416,0.011676815,0.03302689,0.031765733,0.009378472
229,0.98481995,0.00059589016,0.00093169435,0.0017190154,0.002535284,0.004154102,0.0029840784,0.00021258503,0.0012755168,0.0007719111
230,0.0029683046,0.008934442,0.0064596124,0.017648181,0.009708146,0.86852807,0.0023560075,0.05453235,0.019604528,0.009260358
231,0.026954817,0.027553117,0.052146565,0.5954111,0.0074179294,0.050892856,0.0,0.10091974,0.08267905,0.056024805
232,0.0048367395,0.0028680903,0.0003603772,0.00080169406,0.0059583276,0.006502062,0.9715552,0.0,0.0069270115,0.00019054877
233,0.0,0.071141645,0.0054870183,0.090570584,0.009628403,0.053754024,0.00024038462,0.0016373353,0.012608205,0.7549324
234,0.007456689,0.0032232038,0.0007826745,0.005287636,0.005483952,0.011550763,0.92964524,0.0,0.003198776,0.03337105
235,0.010263087,0.588126,0.009279554,0.0061174245,0.21204042,0.040374942,0.0045189145,0.05009175,0.048060313,0.031127557
236,0.0069444445,0.014114112,0.02575683,0.0063044974,0.014910447,0.0025289648,0.00023674243,0.90468705,0.015396933,0.009119988
237,0.0033155268,0.011644486,0.028120017,0.010106815,0.0076539004,0.8516258,0.012772674,0.008333334,0.047458515,0.018968938
238,0.005335711,0.18419603,0.0057810987,0.06947279,0.5154459,0.0010416667,0.05763394,0.019959167,0.13566421,0.0054695
239,0.0073419614,0.22157294,0.002424204,0.031585883,0.6720912,0.0082678,0.007106081,0.030887585,0.014258458,0.004463907
240,0.0,0.014072057,0.0053267046,0.00433243,0.13222457,0.010140109,0.030528845,0.7812934,0.0066377455,0.0154441055
241,0.0024167865,0.09977478,0.686012,0.011244709,0.00017655367,0.034102764,0.111490406,0.0012254902,0.035842862,0.017713627
242,0.005160929,0.1850565,0.021757193,0.019542806,0.012295802,0.0019458294,0.0032855137,0.009265783,0.7271111,0.014578552
243,0.0,0.04120309,0.8066239,0.022079976,0.0,0.011752039,0.021445677,0.012723192,0.07296783,0.011204337
244,0.00074404763,0.24095365,0.6523564,0.015500436,0.0025,0.010346267,0.0017307692,0.008158313,0.064529255,0.0031808766
245,0.0020542932,0.019856818,0.0013931888,0.00893494,0.0134223625,0.886466,0.004960174,0.039619964,0.010316953,0.012975297
246,0.00376673,0.08326872,0.0053147576,0.0057329824,0.0076708747,0.82111216,0.001239936,0.035706926,0.017344857,0.018842084
247,0.008537804,0.19961035,0.015595278,0.015215774,0.6190078,0.0073024654,0.0033477363,0.066743314,0.04671473,0.017924696
248,0.00641355,0.08852591,0.058929037,0.022601748,0.023084415,0.00822046,0.0036913578,0.015397309,0.74193555,0.031200657
249,0.008481242,0.26315135,0.0389892,0.018654343,0.030274488,0.010977814,0.005427469,0.01451921,0.59854513,0.010979735
250,0.0016272303,0.2468975,0.001642954,0.0037563131,0.66207945,0.009207915,0.009075341,0.035554767,0.027226461,0.0029320442
251,0.008867961,0.029977933,0.010299363,0.027615601,0.0067542433,0.04583272,0.021255631,0.00390625,0.051086858,0.79440343
252,0.9714928,0.00059589016,0.00093169435,0.007611518,0.0052526756,0.0031046984,0.0056256917,0.00021258503,0.004400517,0.0007719111
253,0.010320497,0.04551314,0.04264852,0.082146965,0.0121875,0.010416667,0.011186079,0.0007011218,0.72276914,0.062110387
254,0.011287759,0.055414565,0.04977292,0.058115456,0.02582399,0.10228856,0.0065104165,0.02160037,0.1749918,0.49419415
255,0.0060590166,0.07532332,0.016925605,0.017440611,0.03632679,0.013278546,0.0036186986,0.031581413,0.7685577,0.030888258
256,0.93929887,0.00059589016,0.0040566945,0.0013234458,0.011298088,0.027352862,0.0030906843,0.008735312,0.0012755168,0.0029726154
257,0.0013020834,0.8132952,0.030752815,0.0047627054,0.009787821,0.010647176,0.011077811,0.018560208,0.09503962,0.0047746026
258,0.00074404763,0.022996884,0.86230105,0.029188504,0.0,0.01314593,0.0,0.0009583657,0.062240403,0.008424809
259,0.0,0.007111236,0.063551776,0.79591185,0.0,0.08716423,0.0029254202,0.0,0.013042696,0.030292772
260,0.01010332,0.031170858,0.0015561484,0.0022620508,0.63844866,0.007924696,0.00094967376,0.205818,0.05513413,0.046632476
261,0.0026842137,0.00609967,0.013825908,0.04631851,0.0017167494,0.741363,0.016110418,0.0014093138,0.0068174736,0.16365477
262,0.01479986,0.013463167,0.011470327,0.0057188785,0.011172402,0.013298114,0.92544115,0.0,0.004636117,0.0
263,0.0006868132,0.002005445,0.0017671131,0.0051185032,0.008965304,0.0024442892,0.00023674243,0.9619364,0.008045486,0.008793919
264,0.0060199904,0.011207181,0.0198053,0.039330896,0.012149122,0.0020950374,0.006919643,0.0073451856,0.85617673,0.03895092
265,0.011502321,0.032089725,0.01580775,0.084514946,0.019950856,0.09218838,0.025824979,0.10000559,0.20754649,0.41056895
266,0.9745337,0.00059589016,0.00093169435,0.002401032,0.002535284,0.0033629627,0.0029627604,0.00021258503,0.0012755168,0.011188578
267,0.002335258,0.7603032,0.014172986,0.008924701,0.039097454,0.0029259347,0.012253341,0.01749064,0.11784037,0.0246561
268,0.00074404763,0.014332169,0.8701181,0.018505117,0.0060096155,0.0011403086,0.0,0.006286891,0.080226414,0.0026373428
269,0.0,0.018362211,0.013795506,0.83417386,0.0,0.013182991,0.0066307774,0.0,0.03867156,0.07518308
270,0.011961395,0.011565881,0.00025406503,0.005328526,0.83134633,0.035423063,0.002567677,0.039544433,0.053755112,0.008253516
271,0.0037035986,0.01444925,0.044952407,0.012840825,0.0037621444,0.81367797,0.02287455,0.018784221,0.044326764,0.020628259
272,0.017693067,0.0017351086,0.0010536604,0.0053182375,0.0036717379,0.003711867,0.9642703,0.0,0.0023554815,0.00019054877
273,0.002918956,0.0260122,0.00027901787,0.004238222,0.04227851,0.011819289,0.009909362,0.8803838,0.013166764,0.008993917
274,0.008321705,0.058526695,0.0260406,0.0087180985,0.019597951,0.0752323,0.0046235356,0.0060973656,0.71220905,0.08063269
275,0.012382524,0.026941199,0.029380012,0.0085867895,0.12274733,0.09661201,0.0014534884,0.21618178,0.08835563,0.39735922
276,0.98048586,0.00059589016,0.0005844721,0.0013234458,0.00561627,0.0033629627,0.002268316,0.00021258503,0.0012755168,0.004274699
277,0.0042144894,0.8025735,0.02204283,0.0062779095,0.02715376,0.001166335,0.011441653,0.017794589,0.10328393,0.004050977
278,0.00074404763,0.008060532,0.74429744,0.061504792,0.0052083335,0.0011351496,0.0017361111,0.016989304,0.15426047,0.0060638147
279,0.00045620438,0.006021344,0.010773915,0.9034822,0.0005681818,0.008013399,0.0019432773,0.0016861139,0.00996416,0.05709118
280,0.04295147,0.023096023,0.02433712,0.0020833334,0.73847973,0.052910034,0.017554423,0.07373439,0.004195433,0.020658022
281,0.003633198,0.009468402,0.0034284387,0.008980587,0.0036321061,0.9480564,0.0071430625,0.0014093138,0.009400553,0.0048479624
282,0.008144457,0.0027792486,0.0010536604,0.0022527934,0.0050695334,0.070594594,0.9075597,0.0,0.0023554815,0.00019054877
283,0.00034722223,0.009184846,0.0019053353,0.0085878605,0.015556232,0.0030772104,0.0010179924,0.9441397,0.008986676,0.0071969116
284,0.010289298,0.010161721,0.061448436,0.02099682,0.014408948,0.057628486,0.047225557,0.039028354,0.69031227,0.04850013
285,0.00090263295,0.0057328795,0.006080102,0.08014502,0.0017671131,0.02768465,0.0007364164,0.000952419,0.005338669,0.8706601
286,0.9019816,0.00059589016,0.003861382,0.0013234458,0.0042769844,0.06295177,0.002268316,0.00021258503,0.006274164,0.016253866
287,0.0022705828,0.004172654,0.012366105,0.082913496,0.0007013152,0.043423913,0.0032165751,0.000952419,0.06658959,0.7833934
288,0.0060933046,0.012080164,0.009287814,0.012789667,0.0045936448,0.9163811,0.0045418856,0.0014093138,0.026126193,0.006696921
289,0.035895046,0.005063409,0.009700303,0.04005558,0.0015637141,0.71210074,0.04056756,0.0010416667,0.06764342,0.08636858
290,0.006028882,0.011865572,0.031368,0.0071039516,0.005540562,0.014871918,0.8722774,0.00043402778,0.050319146,0.00019054877
291,0.01956869,0.009339007,0.059722584,0.06253127,0.013639078,0.5669378,0.13053894,0.0010416667,0.007499588,0.12918137
292,0.8111929,0.00059589016,0.029903049,0.0021995523,0.0058804303,0.12601204,0.0018793793,0.0034722222,0.00586832,0.0129962005
293,0.0036517603,0.007518396,0.0062875035,0.07200306,0.0015459098,0.12102133,0.0070012445,0.01050103,0.0738046,0.69666517
294,0.0071941563,0.016351972,0.043812014,0.10950599,0.0023761261,0.025000295,0.00089285715,0.0074908286,0.73783785,0.049537934
295,0.006052688,0.005962995,0.013265979,0.024473244,0.006529018,0.07695993,0.05540642,0.008686005,0.016586406,0.7860773
296,0.04182326,0.01346822,0.044954192,0.034186434,0.0067490526,0.010939705,0.008236812,0.059495367,0.7434457,0.03670128
297,0.0033191028,0.0088128345,0.00176667,0.0,0.9303736,0.0071094017,0.0050806673,0.0371246,0.002704712,0.0037084282
298,0.001004149,0.71796244,0.025417445,0.015839405,0.01156438,0.005319292,0.17053232,0.007919704,0.04236518,0.0020757106
299,0.0010340355,0.0024666928,0.0009583657,0.0054657254,0.009971783,0.0032629964,0.00023674243,0.9579428,0.0075532696,0.011107621
300,0.0010340355,0.002509191,0.017724803,0.009937888,0.0140915485,0.0029925348,0.00023674243,0.9227407,0.01376979,0.014962762
301,0.0,0.0078124856,0.11695319,0.780307,0.0,0.003116465,0.0010504202,0.00058962265,0.04207064,0.048100162
302,0.0029683046,0.0151291005,0.028056804,0.016863264,0.008400629,0.8589804,0.0040684007,0.006096814,0.04208444,0.017351806
303,0.0,0.72556186,0.061749727,0.020691717,0.017150363,0.012787576,0.013528142,0.04263773,0.105304986,0.00058790407
304,0.88792133,0.00059589016,0.014820583,0.0046539553,0.0011959984,0.022900157,0.04526515,0.00021258503,0.021662422,0.0007719111
305,0.9844457,0.00059589016,0.00093169435,0.0017190154,0.002535284,0.004154102,0.0033583299,0.00021258503,0.0012755168,0.0007719111
306,0.0,0.021809923,0.80642056,0.055876113,0.0,0.018229477,0.022911659,0.0026459447,0.048129823,0.023976471
307,0.004295184,0.0091111595,0.86160946,0.037537556,0.0,0.0027163462,0.0048076925,0.015269887,0.040550526,0.0241022
308,0.0010340355,0.007957382,0.029250776,0.019719485,0.011299617,0.001365137,0.00023674243,0.8992812,0.011743646,0.018111955
309,0.0030676,0.024483697,0.0258218,0.1141586,0.0064062984,0.015931563,0.03325288,0.004076342,0.68734604,0.08545516
310,0.00074404763,0.011011997,0.9167002,0.021526493,0.0,0.0014658294,0.0,0.0018047198,0.044109408,0.0026373428
311,0.974029,0.00059589016,0.0044039167,0.0017190154,0.002535284,0.011098547,0.0033583299,0.00021258503,0.0012755168,0.0007719111
312,0.0048828125,0.66473013,0.03021547,0.036871307,0.06192661,0.0036381513,0.003737908,0.014743387,0.17008328,0.009170944
313,0.00074404763,0.043842413,0.84991497,0.020719202,0.0011261262,0.00058925897,0.0010245901,0.0037889916,0.07404677,0.0042036157
314,0.0053009856,0.0013799949,0.032058943,0.03581062,0.03474465,0.006502062,0.8005844,0.030539773,0.031697035,0.02138158
315,0.0,0.008862253,0.03953053,0.8217767,0.0,0.039817277,0.0021664917,0.0016861139,0.035928678,0.050231975
316,0.0,0.006021344,0.009648114,0.943912,0.0005681818,0.0024220205,0.0010504202,0.0016861139,0.011555326,0.023136456
317,0.0010340355,0.0018643497,0.002446461,0.005225341,0.016834619,0.0029925348,0.00023674243,0.9480618,0.009136044,0.012168055
318,0.0,0.006021344,0.010595084,0.9374591,0.0005681818,0.006886306,0.0019432773,0.0016861139,0.011121299,0.023719292
319,0.00045620438,0.0057265325,0.011301239,0.8849035,0.0005681818,0.013110125,0.005514706,0.0010964912,0.026311431,0.05101158
320,0.018268518,0.013592379,0.0009695686,0.0015304848,0.8921558,0.009101839,0.038833916,0.016359348,0.006157894,0.0030302037
321,0.021242207,0.0017351086,0.0010536604,0.00085395155,0.0093828365,0.003711867,0.9594743,0.0,0.0023554815,0.00019054877
322,0.008144457,0.0017351086,0.0010536604,0.00085395155,0.005910614,0.003711867,0.9760443,0.0,0.0023554815,0.00019054877
323,0.0146360025,0.0017351086,0.0006007618,0.0048653386,0.03294445,0.0023531714,0.9403191,0.0,0.0023554815,0.00019054877
324,0.031324483,0.024682926,0.0022017045,0.0,0.8004944,0.052353453,0.068905644,0.012144678,0.0067103496,0.0011823797
325,0.0044694766,0.038230512,0.0044480385,0.026877526,0.084138535,0.04546125,0.0014534884,0.20756207,0.07676146,0.51059765
326,0.0,0.89393896,0.009204135,0.0047150156,0.012048921,0.0017559576,0.009773886,0.011092676,0.05481706,0.002653398
327,0.0012953248,0.10619481,0.00909864,0.012466775,0.1433624,0.61913455,0.03798096,0.002119253,0.043948233,0.024399038
328,0.9499898,0.00059589016,0.0027699296,0.0024812105,0.0038783133,0.003730858,0.0071693053,0.0069090137,0.012775182,0.009700483
329,0.008933762,0.01737897,0.010829678,0.0059037087,0.08781073,0.06481689,0.0014534884,0.29090455,0.10461453,0.40735367
330,0.002408274,0.018590618,0.0130416835,0.010886801,0.005153774,0.90145993,0.005171018,0.008737612,0.018644528,0.015905786
331,0.00074404763,0.012819784,0.89554405,0.041983537,0.0060096155,0.0011403086,0.0,0.011995242,0.023541993,0.0062214276
