,Prob_0,Prob_1,Prob_2,Prob_3
0,0.68386286,0.10331925,0.10112874,0.11168913
1,0.21315481,0.1266847,0.124672405,0.53548807
2,0.08942318,0.3309899,0.5172521,0.062334858
3,0.09032642,0.68966985,0.12786849,0.09213522
4,0.5481665,0.10502066,0.08953098,0.25728187
5,0.6612522,0.1762245,0.033500418,0.12902288
6,0.50802577,0.18206267,0.115091145,0.19482043
7,0.11627602,0.15555708,0.6716283,0.05653861
8,0.34780693,0.1852625,0.34275997,0.124170616
9,0.13413782,0.12503101,0.46669173,0.27413943
10,0.17642137,0.22454105,0.1267614,0.47227618
11,0.12812455,0.5509049,0.22991088,0.09105964
12,0.15514028,0.5154836,0.063494936,0.26588115
13,0.13430443,0.61149156,0.09456246,0.15964156
14,0.54303086,0.07736733,0.176295,0.2033068
15,0.46479544,0.28642565,0.1619053,0.08687362
16,0.069742985,0.1854691,0.6339205,0.1108674
17,0.22682674,0.3282684,0.4057227,0.039182134
18,0.045170978,0.1994116,0.66154104,0.09387637
19,0.6253275,0.09657838,0.08630538,0.1917887
20,0.1510462,0.0979466,0.60845727,0.14254992
21,0.07558503,0.49768034,0.20438166,0.22235297
22,0.044853646,0.19340308,0.6468226,0.11492071
23,0.40025035,0.20299111,0.059508976,0.33724955
24,0.13356918,0.5769371,0.09546943,0.1940243
25,0.3149665,0.11452942,0.07225132,0.49825278
26,0.071718894,0.16518015,0.48124325,0.28185773
27,0.047894657,0.658882,0.2069598,0.08626354
28,0.1975985,0.24181671,0.13394895,0.42663583
29,0.7158569,0.12912975,0.03187504,0.123138316
30,0.28012994,0.35461122,0.2428509,0.12240796
31,0.53398013,0.2184383,0.051572006,0.19600953
32,0.08888774,0.16172615,0.088250995,0.66113514
33,0.23354454,0.36295712,0.19444075,0.20905758
34,0.23146379,0.08278047,0.08209598,0.60365975
35,0.38022712,0.24906683,0.18150622,0.18919982
36,0.049709745,0.045346808,0.6377983,0.26714516
37,0.7211923,0.10748531,0.03772601,0.13359639
38,0.11902081,0.076910384,0.5841122,0.21995659
39,0.503557,0.11274709,0.09983562,0.28386027
40,0.2262916,0.37232256,0.12511472,0.2762711
41,0.108213104,0.54662013,0.28054148,0.06462529
42,0.4504598,0.2549611,0.16750357,0.12707551
43,0.20108739,0.08914258,0.058392737,0.6513773
44,0.19604214,0.6049161,0.092792295,0.10624949
45,0.07831985,0.08582572,0.6826387,0.15321577
46,0.049089063,0.087688476,0.6720251,0.19119737
47,0.15144962,0.23572145,0.28109974,0.3317292
48,0.6009495,0.11343652,0.18386123,0.10175274
49,0.5965166,0.07611376,0.059822306,0.26754734
50,0.61903197,0.17225935,0.106961705,0.10174698
51,0.53412354,0.27965418,0.09374479,0.09247749
52,0.11560654,0.10971047,0.13007972,0.64460325
53,0.52073425,0.18275507,0.202001,0.09450969
54,0.27444524,0.12619339,0.10072773,0.49863365
55,0.113956645,0.6537865,0.15003945,0.08221744
56,0.093263276,0.2261178,0.58142823,0.09919067
57,0.5828078,0.23265578,0.059152696,0.12538373
58,0.15827894,0.61930716,0.117583275,0.10483064
59,0.21432438,0.5199197,0.13879815,0.12695777
60,0.6173094,0.18279639,0.082973376,0.11692082
61,0.17296982,0.49727097,0.16243587,0.16732334
62,0.104619235,0.11375991,0.21767715,0.5639437
63,0.48812363,0.22824684,0.17891599,0.10471354
64,0.107705,0.5200211,0.2407716,0.1315023
65,0.29325515,0.40830237,0.083994456,0.21444802
66,0.58596605,0.20687644,0.12420318,0.082954355
67,0.14461254,0.5175074,0.21083094,0.12704916
68,0.09310995,0.42282757,0.21173272,0.27232975
69,0.15200579,0.61719257,0.21142772,0.019373912
70,0.17678675,0.56367874,0.21139884,0.048135642
71,0.5840633,0.13425696,0.13602898,0.14565079
72,0.025728216,0.20375913,0.69944894,0.07106371
73,0.077547535,0.49193883,0.34364688,0.08686674
74,0.1511265,0.6055253,0.08992486,0.15342332
75,0.089415975,0.14914122,0.22685532,0.5345875
76,0.6677533,0.13609113,0.14489678,0.05125881
77,0.6086145,0.2041588,0.08199773,0.10522899
78,0.052450567,0.21228828,0.6514857,0.083775476
79,0.6680708,0.20045705,0.052906826,0.07856533
80,0.6861275,0.09340959,0.065171674,0.15529129
81,0.6100017,0.21321172,0.12279539,0.053991236
82,0.22467615,0.4498986,0.16604978,0.15937547
83,0.6950445,0.0811806,0.058191087,0.1655838
84,0.037572693,0.13300022,0.76031,0.069117114
85,0.19505292,0.5243574,0.10502419,0.17556551
86,0.045225665,0.21587934,0.6304774,0.10841757
87,0.2782658,0.1638337,0.20809905,0.34980145
88,0.2887097,0.36482877,0.19255519,0.15390633
89,0.6110975,0.12750478,0.049111214,0.21228649
90,0.31149486,0.10128888,0.26485926,0.322357
91,0.10144282,0.15158604,0.1753447,0.5716264
92,0.033110686,0.21237114,0.66843176,0.08608639
93,0.0545948,0.75255376,0.08687249,0.10597894
94,0.6568607,0.21123186,0.07540628,0.05650113
95,0.11544789,0.054166418,0.43581367,0.39457205
96,0.7037547,0.06232058,0.025064038,0.20886064
97,0.56888664,0.20738342,0.077542536,0.14618741
98,0.09847607,0.12537177,0.15905507,0.6170971
99,0.11341929,0.074572794,0.13398652,0.6780214
100,0.10323503,0.041329063,0.76267636,0.09275953
101,0.11990192,0.50655067,0.13774388,0.23580356
102,0.19973288,0.5614704,0.19077067,0.04802609
103,0.71093553,0.1062857,0.08372015,0.09905864
104,0.08768497,0.6833843,0.13075612,0.09817462
105,0.1087134,0.07082046,0.31852844,0.5019377
106,0.12961525,0.1042374,0.64535624,0.120791115
107,0.07464722,0.21413581,0.3207399,0.3904771
108,0.12632534,0.1115625,0.23144908,0.5306631
109,0.6572935,0.11006698,0.052653767,0.17998578
110,0.57873726,0.19886081,0.07975803,0.14264393
111,0.13316599,0.0848242,0.48468223,0.29732758
112,0.18698056,0.18712515,0.12831752,0.49757677
113,0.4584985,0.19636324,0.17136405,0.17377421
114,0.15877962,0.031343218,0.7539833,0.055893816
115,0.103839055,0.62237936,0.15502699,0.11875461
116,0.20023258,0.10800599,0.22573695,0.4660245
117,0.10719151,0.3826053,0.13948557,0.3707176
118,0.05709772,0.06877951,0.15417664,0.71994615
119,0.13980153,0.13625301,0.14166604,0.5822794
120,0.078282334,0.11837225,0.48917022,0.3141752
121,0.66196775,0.1360048,0.044559207,0.1574682
122,0.19374853,0.386206,0.05246294,0.36758253
123,0.46645552,0.28526384,0.09816334,0.1501173
124,0.59567535,0.19332974,0.08915736,0.121837534
125,0.48156002,0.14729439,0.23474379,0.1364018
126,0.64480203,0.14803115,0.08857845,0.11858836
127,0.5777266,0.18101041,0.065818004,0.17544498
128,0.046607107,0.13283706,0.72695625,0.0935996
129,0.28684083,0.15523596,0.37085804,0.18706518
130,0.2258243,0.090035066,0.18600042,0.49814022
131,0.08238745,0.23501685,0.07728567,0.60531
132,0.6419195,0.1413593,0.087379925,0.12934129
133,0.6419937,0.12773657,0.09262588,0.13764386
134,0.1794165,0.11648833,0.57775843,0.12633674
135,0.15383196,0.072724245,0.17033638,0.60310745
136,0.11491662,0.56320834,0.13998342,0.18189162
137,0.09532541,0.07730869,0.09398668,0.7333792
138,0.14587751,0.15018828,0.123808704,0.5801255
139,0.15651757,0.488318,0.25935984,0.095804594
140,0.17022352,0.16739997,0.12964678,0.53272974
141,0.26274145,0.12260428,0.06174763,0.55290663
142,0.28495824,0.45794204,0.09850542,0.1585943
143,0.10512035,0.25591758,0.4362105,0.20275155
144,0.019178243,0.17260809,0.7743315,0.03388216
145,0.56813586,0.1341852,0.11366,0.18401892
146,0.5637005,0.14850165,0.058192257,0.22960559
147,0.1045782,0.16156244,0.6491153,0.08474401
148,0.22410038,0.16001368,0.054045796,0.5618402
149,0.4000951,0.089482374,0.19300212,0.3174204
150,0.09867651,0.08239636,0.118315995,0.7006111
151,0.17396948,0.13532849,0.3483896,0.34231246
152,0.16681728,0.19890665,0.06971605,0.56456006
153,0.1945337,0.092294544,0.11653961,0.5966321
154,0.7509956,0.061091367,0.05487417,0.13303886
155,0.16269104,0.38500074,0.1358998,0.31640843
156,0.24917296,0.1731104,0.06630196,0.5114147
157,0.6379175,0.06211407,0.12970206,0.17026635
158,0.121786915,0.06328057,0.05100834,0.7639242
159,0.15703566,0.19992505,0.6084948,0.03454446
160,0.60822785,0.07884817,0.07295541,0.2399686
161,0.029653814,0.087885946,0.8378978,0.04456246
162,0.1913868,0.44660747,0.31224585,0.04975987
163,0.131676,0.10858485,0.30717388,0.45256525
164,0.5262758,0.12449754,0.14618471,0.20304194
165,0.038483873,0.15227205,0.74480003,0.064444065
166,0.37508062,0.16894029,0.1717977,0.2841814
167,0.05724567,0.5831295,0.17816839,0.1814564
168,0.33142263,0.21804228,0.04911816,0.40141693
169,0.5059179,0.2242528,0.07290704,0.19692226
170,0.20743358,0.5573615,0.1402066,0.094998345
171,0.7004505,0.11932469,0.07220349,0.10802136
172,0.62755907,0.17391895,0.1424162,0.05610581
173,0.14082576,0.06692705,0.031570554,0.7606766
174,0.049362402,0.7316626,0.13037977,0.08859528
175,0.12504876,0.64866203,0.14901029,0.07727892
176,0.14674069,0.18208902,0.6003426,0.07082774
177,0.086058736,0.710552,0.15425724,0.049132045
178,0.147307,0.19296876,0.12317193,0.5365523
179,0.44869852,0.2763134,0.14948648,0.1255016
180,0.33383194,0.12077531,0.37680387,0.16858888
181,0.2889856,0.36787775,0.14435957,0.19877706
182,0.1057139,0.16378671,0.096792705,0.6337067
183,0.1427097,0.108119704,0.23936674,0.5098039
184,0.14651121,0.44154462,0.2510286,0.16091557
185,0.078189254,0.24157836,0.055212855,0.62501955
186,0.7578537,0.09143614,0.06657389,0.08413627
187,0.12864958,0.11089431,0.6535084,0.10694769
188,0.51562625,0.1462911,0.08698031,0.25110236
189,0.714186,0.113606006,0.056029998,0.116178006
190,0.15482406,0.1748887,0.13032453,0.5399627
191,0.28952608,0.28254023,0.28058225,0.14735144
192,0.6558844,0.14918104,0.055702068,0.13923253
193,0.042906344,0.18732831,0.12648176,0.6432836
194,0.16862726,0.057524912,0.0864499,0.68739796
195,0.37215105,0.13230605,0.3707787,0.12476422
196,0.31342363,0.181355,0.06922811,0.43599325
197,0.5403918,0.1768264,0.11896232,0.16381948
198,0.16459663,0.13894542,0.110402994,0.586055
199,0.17671849,0.076289035,0.08754139,0.65945107
200,0.13526663,0.09679155,0.14441879,0.62352306
201,0.08449725,0.49974352,0.12783009,0.28792915
202,0.67113644,0.13764344,0.087380745,0.10383938
203,0.13416743,0.5583769,0.17320125,0.13425443
204,0.15994175,0.5202368,0.12122322,0.19859824
205,0.21614861,0.08210515,0.13875647,0.5629898
206,0.71035826,0.10964655,0.10657448,0.073420726
207,0.2230528,0.42695627,0.1409792,0.20901172
208,0.24578565,0.5447178,0.120590985,0.088905595
209,0.12521575,0.22718245,0.54661345,0.10098831
210,0.66112685,0.0727757,0.18438904,0.081708424
211,0.5480876,0.08762094,0.26671252,0.09757895
212,0.6788828,0.097072124,0.08314407,0.14090101
213,0.55730253,0.14210792,0.22077064,0.07981891
214,0.13150361,0.10019543,0.14921305,0.61908793
215,0.09432097,0.58740824,0.1707526,0.14751817
216,0.058463596,0.10753148,0.18927626,0.64472866
217,0.19005948,0.52796656,0.12692456,0.15504941
218,0.10811752,0.6319566,0.20585904,0.054066848
219,0.06904332,0.12543936,0.19124897,0.61426836
220,0.61289346,0.22043662,0.0637258,0.10294412
221,0.16582987,0.14210162,0.10442051,0.58764803
222,0.13616936,0.18655019,0.15139747,0.52588296
223,0.09451087,0.17497565,0.2542108,0.47630268
224,0.6166604,0.14163403,0.18571608,0.055989444
225,0.13024752,0.34725928,0.26421738,0.2582758
226,0.13950549,0.6574414,0.1340576,0.06899553
227,0.6549845,0.131887,0.048270453,0.16485809
228,0.09862852,0.062023632,0.42678335,0.4125645
229,0.43704158,0.11893724,0.046738327,0.39728287
230,0.030455023,0.31635526,0.598303,0.054886702
231,0.17160533,0.5478436,0.1142882,0.16626291
232,0.16087246,0.3670482,0.20093346,0.27114585
233,0.1319791,0.13421698,0.6132276,0.12057635
234,0.088915415,0.23888952,0.12284034,0.54935473
235,0.23240806,0.17153567,0.12602724,0.47002903
236,0.014123401,0.20699002,0.62706786,0.15181872
237,0.15947542,0.5931991,0.11899174,0.1283338
238,0.57710093,0.15852194,0.041195586,0.22318155
239,0.02839932,0.15008993,0.7767649,0.04474582
240,0.6126175,0.14936674,0.101537496,0.13647829
241,0.049463514,0.5199972,0.12555315,0.30498618
242,0.091467,0.31565514,0.50433844,0.08853943
243,0.2393666,0.1642653,0.3733891,0.22297901
244,0.49965623,0.20341037,0.07312377,0.22380964
245,0.19929606,0.045554798,0.51430845,0.24084069
246,0.16592793,0.2642427,0.47609037,0.09373899
247,0.16589352,0.16437666,0.115035355,0.5546945
248,0.11830125,0.16598932,0.62487817,0.090831265
249,0.13924758,0.09844263,0.12345869,0.6388511
250,0.22858526,0.48491493,0.10392395,0.18257588
251,0.20339157,0.50027674,0.14125532,0.15507637
252,0.6729464,0.16059594,0.068916045,0.09754164
253,0.50877756,0.09370586,0.07475807,0.32275853
254,0.089790404,0.17374761,0.21854314,0.5179188
255,0.6558683,0.043986913,0.033558987,0.26658583
256,0.05472914,0.67036766,0.18297052,0.09193266
257,0.5163721,0.2674762,0.09436076,0.12179093
258,0.6862205,0.13417217,0.05649921,0.123108104
259,0.038122676,0.17341685,0.67437285,0.11408759
260,0.13999958,0.20065007,0.58927137,0.07007897
261,0.6261512,0.15017664,0.11284265,0.110829525
262,0.3130063,0.16674761,0.044763494,0.47548255
263,0.04485821,0.16255814,0.7100372,0.08254647
264,0.10421793,0.04966308,0.13714239,0.70897657
265,0.16950756,0.2250508,0.45048422,0.15495738
266,0.121643454,0.20416057,0.50876343,0.16543251
267,0.10659196,0.33790156,0.19501382,0.36049265
268,0.043542612,0.6356749,0.23134083,0.08944168
269,0.26110253,0.5581882,0.1143824,0.06632689
270,0.32863566,0.48663816,0.086728886,0.09799731
271,0.1831467,0.5872571,0.09733344,0.13226278
272,0.10503911,0.65629756,0.17648858,0.062174726
273,0.028679399,0.16437232,0.6012849,0.20566334
274,0.6165416,0.17974374,0.14284742,0.060867183
275,0.59206915,0.15496692,0.06112617,0.19183774
276,0.053134497,0.16531447,0.67369294,0.10785807
277,0.20664726,0.054458503,0.08592589,0.65296835
278,0.6445143,0.11662814,0.1000978,0.13875976
279,0.14777163,0.32722437,0.112326324,0.41267768
280,0.14549516,0.17257673,0.1649089,0.5170192
281,0.591347,0.18953387,0.15760976,0.061509393
282,0.068166286,0.12951285,0.06409195,0.7382289
283,0.58463776,0.1502573,0.09261233,0.1724926
284,0.12051579,0.49505344,0.20489742,0.17953335
285,0.04194417,0.67281705,0.18354419,0.10169458
286,0.12236329,0.1244306,0.14994964,0.60325646
287,0.1888601,0.11853183,0.33815998,0.35444808
288,0.053604312,0.64246696,0.20376849,0.10016025
289,0.09407876,0.15902779,0.6818113,0.06508217
290,0.062374834,0.112688005,0.7054121,0.11952507
291,0.078448154,0.17603411,0.65143657,0.09408118
292,0.29844463,0.10310145,0.14616472,0.4522892
293,0.21006034,0.13040484,0.15942837,0.50010645
294,0.66557765,0.08374393,0.07072119,0.17995726
295,0.16039081,0.10281262,0.5310095,0.20578706
296,0.11608971,0.56455797,0.26893032,0.050421987
297,0.119368225,0.50029963,0.15701869,0.22331348
298,0.047661413,0.2344235,0.6634064,0.05450869
299,0.12983368,0.09645553,0.15716478,0.616546
300,0.10994408,0.24562995,0.5967068,0.047719155
301,0.66262645,0.08332097,0.058973875,0.19507869
302,0.14381056,0.6000541,0.07945323,0.17668213
303,0.44897312,0.15666021,0.22253332,0.17183335
304,0.104446284,0.100695275,0.54017735,0.25468108
305,0.2359056,0.08922923,0.06937243,0.6054927
306,0.111530446,0.28731582,0.16270295,0.43845078
307,0.16647694,0.1649369,0.5174197,0.15116647
308,0.20240553,0.46530244,0.21629834,0.11599371
309,0.16441953,0.48330373,0.09678348,0.25549325
310,0.097124465,0.13437526,0.6674402,0.10106012
311,0.4506999,0.388189,0.0670846,0.09402651
312,0.112841055,0.53820777,0.19067869,0.1582725
313,0.15586478,0.26043162,0.5263243,0.057379298
314,0.097314775,0.16479918,0.14156663,0.59631944
315,0.5478021,0.13244827,0.09064865,0.22910096
316,0.084946506,0.19351633,0.5817301,0.13980702
317,0.15192638,0.14011009,0.0847087,0.62325484
318,0.60307366,0.18923157,0.08012616,0.12756859
319,0.621545,0.15729342,0.06928279,0.15187876
320,0.64180106,0.23768787,0.046976093,0.07353497
321,0.291482,0.10314548,0.11179071,0.4935818
322,0.4053133,0.13870929,0.14577574,0.31020167
323,0.1373254,0.087731265,0.11382672,0.6611166
324,0.24442123,0.2355893,0.17158808,0.3484014
325,0.05384131,0.13249189,0.2112296,0.6024372
326,0.047219835,0.18773244,0.69713825,0.06790946
327,0.105508894,0.067734346,0.10768754,0.71906924
328,0.14522624,0.48620236,0.18593962,0.18263178
329,0.07926742,0.59162986,0.26674584,0.062356856
330,0.12296326,0.6618934,0.14068197,0.07446132
331,0.21432634,0.5432671,0.08593069,0.1564759
332,0.1363787,0.24142025,0.4858727,0.13632835
333,0.10518776,0.48604608,0.20712298,0.2016432
334,0.10433567,0.15345234,0.571616,0.17059599
335,0.09277555,0.6549041,0.1357766,0.11654371
336,0.028703934,0.19671354,0.690623,0.083959565
337,0.09129523,0.15494516,0.1182584,0.6355012
338,0.1340501,0.07681643,0.6519561,0.13717736
339,0.22796202,0.11036718,0.17104016,0.49063063
340,0.61366415,0.19702686,0.16368958,0.0256194
341,0.25957376,0.066306084,0.50850654,0.16561364
342,0.17207345,0.5307936,0.06517934,0.23195358
343,0.24199285,0.123498,0.11789528,0.51661384
344,0.09950473,0.56422013,0.1890686,0.14720654
345,0.068336844,0.13987622,0.7074606,0.08432634
346,0.40159944,0.18825519,0.27875522,0.13139015
347,0.30954623,0.09371699,0.09933859,0.4973982
348,0.53954124,0.103639565,0.07191659,0.28490257
349,0.1457153,0.13876426,0.1075664,0.607954
350,0.07482638,0.2903797,0.57631683,0.058477048
351,0.61444634,0.08251362,0.048713304,0.25432673
352,0.11503798,0.19476312,0.48721802,0.20298089
353,0.7207854,0.12233496,0.07926793,0.077611744
354,0.53615165,0.12056331,0.2151449,0.12814015
355,0.1778904,0.5824591,0.13580532,0.103845164
356,0.20437188,0.12813622,0.11047831,0.5570136
357,0.16342902,0.48887494,0.28283498,0.06486107
358,0.22112185,0.22731528,0.12862948,0.4229334
359,0.16758455,0.55807996,0.083561376,0.19077408
360,0.5699853,0.20710231,0.10789272,0.115019724
361,0.19271715,0.13590108,0.09092346,0.58045834
362,0.6420118,0.11031823,0.071737014,0.17593291
363,0.10254866,0.68884397,0.15947644,0.04913091
364,0.1236655,0.4744555,0.20730175,0.19457726
365,0.112723574,0.23357211,0.3900714,0.26363292
366,0.23805058,0.5814025,0.06824839,0.11229852
367,0.18075147,0.067873046,0.1142389,0.6371366
368,0.05846278,0.49797967,0.26362306,0.17993449
369,0.09884665,0.09508677,0.27863488,0.5274317
370,0.104350194,0.51100004,0.11826723,0.26638255
371,0.07579108,0.10212697,0.2092699,0.61281204
372,0.09609749,0.13114089,0.47308195,0.29967967
373,0.064072475,0.16064636,0.3514942,0.42378697
374,0.263813,0.47799513,0.16893111,0.08926077
375,0.07932362,0.15617606,0.19420454,0.5702958
376,0.71175855,0.11389554,0.05862437,0.115721524
377,0.1870909,0.07073978,0.5835911,0.15857823
378,0.3609196,0.14737858,0.27538827,0.21631357
379,0.067529485,0.17124136,0.713064,0.048165135
380,0.10125167,0.72548294,0.07922177,0.09404365
381,0.45564172,0.20528549,0.07884261,0.26023018
382,0.5848234,0.116350316,0.078048944,0.2207773
383,0.20345403,0.099379666,0.078412816,0.6187535
384,0.1327991,0.23400171,0.5785615,0.0546377
385,0.71343935,0.10507463,0.05985267,0.12163337
386,0.16040288,0.6388035,0.11155231,0.08924132
387,0.037485305,0.078219965,0.79393,0.09036473
388,0.043285966,0.12177403,0.7373268,0.09761322
389,0.6279531,0.1549285,0.10379695,0.11332143
390,0.07273317,0.22938038,0.61413974,0.08374671
391,0.4001254,0.09257074,0.11863762,0.3886662
392,0.13277592,0.28000665,0.3897111,0.19750631
393,0.07287343,0.06928942,0.76423717,0.09359999
394,0.66707104,0.17048922,0.06599008,0.09644964
395,0.1215758,0.09410067,0.27415937,0.51016414
396,0.22056614,0.51597476,0.08469734,0.17876178
397,0.6701135,0.15069605,0.06948086,0.10970957
398,0.7203278,0.084974214,0.091427974,0.10327004
399,0.23079401,0.13241419,0.08128803,0.5555038
400,0.7581302,0.13955826,0.0431869,0.05912465
401,0.32479048,0.45586866,0.12178696,0.09755389
402,0.6136116,0.11456997,0.04502046,0.226798
403,0.049197633,0.16804254,0.637975,0.14478488
404,0.116174735,0.292436,0.22975764,0.36163163
405,0.13603148,0.51121366,0.10680709,0.24594775
406,0.16451266,0.5767339,0.17359404,0.08515942
407,0.099181704,0.10769248,0.0793316,0.71379423
408,0.039519966,0.19332023,0.7321229,0.035036884
409,0.6527277,0.1643126,0.07378839,0.109171286
410,0.11354786,0.098964386,0.17586116,0.61162657
411,0.43556565,0.08765508,0.14597091,0.33080834
412,0.19370991,0.45125338,0.11024559,0.2447911
413,0.63017523,0.16513632,0.05663594,0.14805251
414,0.5362415,0.14416634,0.06988925,0.24970292
415,0.561276,0.056643765,0.14329872,0.23878153
416,0.23360117,0.19321005,0.3347647,0.23842409
417,0.6151876,0.23263687,0.04893388,0.10324165
418,0.1327113,0.11490136,0.57261044,0.17977692
419,0.14857283,0.20120794,0.5921589,0.058060315
420,0.1750316,0.1817856,0.5993966,0.043786224
421,0.6269508,0.12721811,0.042330597,0.20350046
422,0.2123081,0.09029994,0.05634849,0.6410435
423,0.1588724,0.08006152,0.08588685,0.67517924
424,0.12369183,0.16408305,0.16536485,0.5468603
425,0.13393827,0.5918053,0.13664728,0.13760918
426,0.20049389,0.17335983,0.42199978,0.20414647
427,0.056507308,0.29114679,0.566639,0.08570692
428,0.07043696,0.46515784,0.3498095,0.11459569
429,0.060921054,0.51730883,0.38863885,0.03313124
430,0.18199648,0.15605241,0.15133217,0.5106189
431,0.075544216,0.59733623,0.10538786,0.22173168
432,0.22319484,0.07021789,0.13834566,0.5682416
433,0.09771647,0.7098105,0.07298089,0.11949216
434,0.073838376,0.12391463,0.19704072,0.60520625
435,0.105110995,0.12285836,0.67407626,0.09795439
436,0.14243078,0.15482089,0.55112666,0.15162167
437,0.3096143,0.09999215,0.06258413,0.52780944
438,0.60874844,0.12941247,0.059077665,0.20276143
439,0.17340013,0.14336811,0.5947578,0.08847397
440,0.4986333,0.22706172,0.1116583,0.16264668
441,0.75445485,0.0672312,0.075323656,0.1029903
442,0.42381394,0.11157762,0.21508954,0.24951889
443,0.14595516,0.5093308,0.20997797,0.13473603
444,0.19937195,0.57130575,0.050204426,0.17911786
445,0.12679097,0.5743371,0.12874286,0.17012906
446,0.0917771,0.14323427,0.5297552,0.23523344
447,0.63568133,0.07384963,0.055653274,0.23481578
448,0.12584765,0.1276977,0.68875223,0.05770242
449,0.33999813,0.37589046,0.09297669,0.19113474
450,0.10957638,0.12050272,0.6875776,0.082343295
451,0.5174086,0.30063188,0.10024699,0.081712544
452,0.18226343,0.6325281,0.11589511,0.0693133
453,0.10442916,0.13120753,0.2575772,0.5067861
454,0.16276212,0.18399824,0.10107023,0.5521694
455,0.707986,0.12975767,0.0961269,0.06612945
456,0.09626329,0.10402134,0.5196519,0.28006348
457,0.65568626,0.07055253,0.055518467,0.21824273
458,0.10326444,0.60217345,0.14621627,0.14834586
459,0.06591298,0.07979605,0.7215968,0.13269421
460,0.09747575,0.4667796,0.32363743,0.11210723
461,0.151118,0.057300366,0.31935656,0.4722251
462,0.66537267,0.145961,0.11666549,0.072000846
463,0.13012703,0.19128664,0.62491566,0.053670697
464,0.12868978,0.14030403,0.10936456,0.62164164
465,0.28195578,0.14325123,0.30319676,0.27159622
466,0.1556613,0.19759123,0.5405189,0.10622862
467,0.46979055,0.062056135,0.067236796,0.40091652
468,0.58374697,0.14372823,0.095037684,0.1774871
469,0.19168878,0.15136653,0.061252214,0.59569246
470,0.05647624,0.5712994,0.2427283,0.12949607
471,0.032073095,0.22438908,0.6864175,0.05712032
472,0.26182017,0.51297253,0.1704403,0.054766983
473,0.06087675,0.12598944,0.2584759,0.55465794
474,0.18332045,0.58331585,0.06839693,0.16496676
475,0.14610222,0.084690705,0.15334482,0.61586225
476,0.23431367,0.22414902,0.129879,0.41165832
477,0.15854268,0.15241553,0.060173552,0.6288682
478,0.5900059,0.18741113,0.056661963,0.165921
479,0.09978287,0.103445426,0.16852099,0.6282507
480,0.15804881,0.6700314,0.104708105,0.06721165
481,0.7337768,0.11607343,0.056828357,0.09332142
482,0.052431032,0.13182937,0.6495404,0.16619919
483,0.09725528,0.16211122,0.66037685,0.08025662
484,0.5489113,0.13700663,0.16216372,0.1519184
485,0.111208096,0.64740914,0.11888852,0.12249421
486,0.07700787,0.75289243,0.1093292,0.06077052
487,0.4619819,0.19241832,0.18557443,0.16002534
488,0.37035772,0.088355325,0.07757793,0.463709
489,0.054886866,0.66628486,0.19073679,0.08809149
490,0.098541185,0.6275061,0.15764645,0.11630628
491,0.287493,0.16329938,0.43141258,0.11779506
492,0.6913029,0.12753367,0.066308185,0.11485524
493,0.15227354,0.18035495,0.557894,0.10947752
494,0.13566425,0.08634342,0.13013367,0.6478587
495,0.68871444,0.13463965,0.09643824,0.08020769
496,0.10966879,0.13199335,0.21330945,0.5450284
497,0.4520842,0.21435222,0.18124716,0.15231639
498,0.54634494,0.138382,0.1512226,0.16405044
499,0.41513303,0.13593784,0.08614256,0.36278656
500,0.09756495,0.26150814,0.105308466,0.5356184
501,0.12702286,0.1614811,0.15694548,0.5545505
502,0.47567627,0.098505706,0.17079955,0.25501847
503,0.052088577,0.15161379,0.69806397,0.098233685
504,0.15227325,0.11477124,0.17186195,0.56109357
505,0.17630689,0.19257154,0.14413466,0.48698694
506,0.065811716,0.09110493,0.3007056,0.54237777
507,0.23344372,0.563361,0.098126315,0.10506895
508,0.07685565,0.7239859,0.16369115,0.035467267
509,0.07300816,0.659994,0.18075098,0.086246856
510,0.05662733,0.11649085,0.6902907,0.13659114
511,0.15820776,0.5444998,0.1018946,0.19539781
512,0.09228138,0.10474772,0.1857922,0.61717874
513,0.13055864,0.0736934,0.19878319,0.5969648
514,0.18301478,0.13035758,0.12722035,0.5594073
515,0.056976307,0.22292963,0.6790463,0.04104779
516,0.07091052,0.5751253,0.22729832,0.12666586
517,0.23010294,0.08241552,0.56248605,0.12499547
518,0.08122311,0.23775053,0.5671191,0.11390722
519,0.11236311,0.30113858,0.19787043,0.3886279
520,0.02994514,0.1502552,0.77727145,0.042528205
521,0.01754606,0.13275267,0.73555475,0.114146516
522,0.18334052,0.5749772,0.10761467,0.13406761
523,0.6456793,0.19093117,0.043986723,0.11940279
524,0.32512215,0.28024414,0.26751834,0.12711538
525,0.52738845,0.105822,0.17200854,0.194781
526,0.024748389,0.0675517,0.7615715,0.1461284
527,0.087355055,0.13741872,0.09392071,0.6813055
528,0.41400933,0.17018776,0.082871184,0.33293173
529,0.16250639,0.42702603,0.3273013,0.08316631
530,0.5043321,0.17302522,0.24760161,0.075041056
531,0.12222179,0.13744882,0.5904835,0.14984588
532,0.11801738,0.1577211,0.3969707,0.32729083
533,0.07282205,0.16440727,0.5364895,0.22628121
534,0.26652542,0.13263743,0.505631,0.095206104
535,0.18117462,0.14087318,0.1447077,0.5332445
536,0.65744895,0.18508042,0.07357192,0.08389872
537,0.5371104,0.2068523,0.034713756,0.22132356
538,0.07141618,0.48624545,0.28507888,0.15725948
539,0.11155261,0.5856374,0.19906203,0.10374794
540,0.1026896,0.16678073,0.636514,0.09401569
541,0.24721923,0.526364,0.113979466,0.11243725
542,0.70463985,0.08681833,0.08174125,0.12680058
543,0.31032553,0.18734561,0.043599706,0.45872915
544,0.07809585,0.5151347,0.28437886,0.12239058
545,0.12143389,0.07205323,0.12388746,0.6826254
546,0.12559628,0.08127834,0.1010878,0.6920376
547,0.106480666,0.10935727,0.24622358,0.5379385
548,0.10972196,0.069745615,0.19819215,0.62234026
549,0.05346468,0.17422405,0.7326252,0.03968609
550,0.20033066,0.09196649,0.39693013,0.31077275
551,0.530785,0.09272316,0.08046291,0.2960289
552,0.6459815,0.08432179,0.08021815,0.18947859
553,0.07268477,0.052250728,0.26781887,0.6072456
554,0.45766315,0.17809945,0.18286607,0.18137132
555,0.14525494,0.5321624,0.18208107,0.14050156
556,0.5157311,0.13489571,0.0982255,0.25114766
557,0.29666904,0.53910744,0.0777748,0.086448714
558,0.12299488,0.6273671,0.1713404,0.078297645
559,0.12013802,0.69955736,0.12658535,0.05371927
560,0.20348774,0.65531945,0.07159678,0.06959606
561,0.29846215,0.51780885,0.08331595,0.100413024
562,0.13140452,0.5229603,0.10396521,0.24166998
563,0.2445101,0.12137946,0.08156094,0.5525495
564,0.222841,0.09706799,0.5296851,0.15040594
565,0.091324195,0.2584799,0.60478324,0.045412697
566,0.16305721,0.5246183,0.15639645,0.15592799
567,0.55382013,0.15900387,0.120738275,0.1664377
568,0.2557573,0.072109215,0.082007915,0.59012556
569,0.18500815,0.52062714,0.19025324,0.104111485
570,0.4315975,0.13470456,0.10830792,0.32539
571,0.11628066,0.2236719,0.20136176,0.4586857
572,0.2175498,0.07901549,0.055087216,0.6483475
573,0.11234576,0.15330397,0.17447728,0.559873
574,0.6038709,0.08968184,0.056532282,0.24991496
575,0.05567171,0.18088117,0.6416443,0.12180284
576,0.38392553,0.1494923,0.08786757,0.3787146
577,0.59104705,0.14642298,0.15218972,0.110340275
578,0.46285596,0.18584095,0.21907096,0.13223211
579,0.16731136,0.08291,0.55852795,0.19125073
580,0.6301392,0.14573716,0.07842759,0.14569606
581,0.33200833,0.38108322,0.16875301,0.11815545
582,0.033328574,0.07993943,0.7391611,0.14757092
583,0.6041044,0.08071643,0.08001723,0.23516192
584,0.17649241,0.13585593,0.15674601,0.53090566
585,0.13452381,0.49057382,0.18861838,0.18628398
586,0.13672484,0.1359969,0.14591762,0.58136064
587,0.15064046,0.44312674,0.09929592,0.3069369
588,0.13302359,0.5948323,0.09306683,0.17907728
589,0.37073106,0.1306225,0.061663445,0.436983
590,0.41943175,0.1612007,0.023120103,0.39624745
591,0.52255106,0.21810584,0.13037811,0.12896499
592,0.09153223,0.11379435,0.09046758,0.7042058
593,0.19202803,0.11979744,0.10848921,0.57968533
594,0.29451,0.41121846,0.17546885,0.118802674
595,0.25167346,0.4828442,0.18974246,0.075739875
596,0.043600455,0.6938942,0.15200493,0.110500395
597,0.25299117,0.3645551,0.25558874,0.12686498
598,0.7148994,0.10822877,0.11626299,0.060608823
599,0.08067227,0.63355863,0.17198694,0.11378216
600,0.13542686,0.57016784,0.1497514,0.14465389
601,0.121919736,0.24963069,0.07624063,0.55220896
602,0.20872265,0.16063465,0.56094146,0.06970125
603,0.4602087,0.15699844,0.08405943,0.2987334
604,0.107782714,0.08145225,0.08753624,0.7232288
605,0.11535398,0.11376408,0.6547497,0.116132274
606,0.17672765,0.06883838,0.11935885,0.6350751
607,0.5179807,0.15507485,0.20888071,0.11806378
608,0.05828851,0.13106945,0.14020325,0.6704388
609,0.036534194,0.18077946,0.6561913,0.12649506
610,0.57688546,0.14699925,0.05731349,0.2188018
611,0.54399365,0.1846252,0.18418014,0.087201014
612,0.5751043,0.19072482,0.14543967,0.08873123
613,0.10035673,0.07158769,0.16646385,0.6615917
614,0.15873145,0.081715964,0.5798599,0.17969269
615,0.70912355,0.09494367,0.064439066,0.13149373
616,0.22196968,0.38318077,0.1516366,0.24321295
617,0.11943319,0.5417125,0.09658965,0.24226461
618,0.18756643,0.09404057,0.5218614,0.19653164
619,0.5734489,0.24618088,0.07777705,0.102593176
620,0.15978085,0.1219084,0.112501934,0.60580885
621,0.2512672,0.38703722,0.06269258,0.299003
622,0.5490661,0.19633372,0.16529924,0.08930093
623,0.48249817,0.08438033,0.10721639,0.3259051
624,0.7988446,0.07477157,0.062170323,0.0642135
625,0.13985638,0.54426116,0.10465061,0.21123183
626,0.14831206,0.5936039,0.14154081,0.11654321
627,0.5681739,0.28439018,0.070268914,0.07716699
628,0.6014877,0.15451457,0.05302485,0.1909729
629,0.087266944,0.095423706,0.06432241,0.7529869
630,0.14600459,0.115439534,0.62207925,0.11647663
631,0.087211944,0.25497118,0.57959753,0.078219384
632,0.08460034,0.73090684,0.122652166,0.061840665
633,0.13859466,0.55854905,0.27335337,0.029502897
634,0.20414293,0.413954,0.1988139,0.18308918
635,0.7513001,0.12902403,0.085494354,0.0341815
636,0.18964405,0.5211127,0.07969429,0.209549
637,0.025418872,0.2935378,0.5853256,0.09571774
638,0.07851689,0.6429514,0.23405427,0.04447742
639,0.4759814,0.12957548,0.22084443,0.17359868
640,0.2458855,0.40321672,0.16580525,0.18509252
641,0.13967279,0.09411683,0.17158265,0.59462774
642,0.13851508,0.13692616,0.3956879,0.32887086
643,0.07898713,0.08293727,0.12554006,0.71253556
644,0.57512194,0.1903914,0.12308034,0.11140631
645,0.16321322,0.16906555,0.06526232,0.6024589
646,0.05648211,0.48575184,0.3321563,0.12560976
647,0.066150665,0.0957451,0.36874267,0.46936154
648,0.21896756,0.07097684,0.15177013,0.5582855
649,0.108512916,0.14084671,0.51805484,0.2325855
650,0.1442422,0.1749139,0.6419613,0.038882654
651,0.33021364,0.43311882,0.05705081,0.17961675
652,0.19180837,0.12088249,0.58585376,0.10145538
653,0.07465724,0.12934744,0.5924506,0.20354472
654,0.13539563,0.21310294,0.51010287,0.14139853
655,0.11525522,0.6174899,0.16421166,0.103043206
656,0.106895804,0.5203747,0.23605897,0.1366705
657,0.11780564,0.15186326,0.42359397,0.30673715
658,0.026346056,0.07374116,0.4393084,0.46060437
659,0.1694585,0.5424969,0.17549188,0.11255272
660,0.3899469,0.079741284,0.05045611,0.4798557
661,0.06989343,0.6414993,0.120071545,0.16853572
662,0.07830815,0.67839044,0.06803543,0.17526595
663,0.6490064,0.11290839,0.11149891,0.12658627
664,0.08023736,0.22212091,0.25729597,0.44034576
665,0.16066694,0.22562478,0.06193818,0.5517701
666,0.06399407,0.06692655,0.15699318,0.7120862
667,0.5726012,0.22567385,0.12470942,0.07701556
668,0.14542787,0.18226628,0.49149385,0.180812
669,0.046556838,0.11998012,0.7481922,0.08527087
670,0.48206508,0.28337568,0.096057,0.13850226
671,0.022676304,0.192995,0.6274416,0.1568871
672,0.13710134,0.30598828,0.15661824,0.40029213
673,0.3538493,0.13972245,0.06940706,0.4370212
674,0.3174547,0.27149338,0.2996355,0.11141644
675,0.13261843,0.6904728,0.15259133,0.024317453
676,0.65770894,0.10454518,0.061918464,0.1758274
677,0.14632773,0.14583799,0.4820057,0.2258286
678,0.6956195,0.12109665,0.108354226,0.074929625
679,0.047798153,0.078199856,0.28131738,0.5926846
680,0.7638468,0.05909976,0.08083356,0.09621988
681,0.1554926,0.1460364,0.14626452,0.55220646
682,0.40362486,0.21839792,0.28631416,0.09166306
683,0.121862076,0.52327156,0.13323125,0.22163509
684,0.024714623,0.7760545,0.14389515,0.055335738
685,0.5143927,0.19475698,0.10134294,0.1895074
686,0.41153014,0.2336528,0.08427522,0.27054182
687,0.64425176,0.14221467,0.054626558,0.158907
688,0.114530385,0.31670323,0.10782114,0.46094525
689,0.14546338,0.69130516,0.082729064,0.08050238
690,0.66132295,0.13744596,0.061804798,0.13942628
691,0.22578754,0.23728092,0.073779665,0.46315187
692,0.16479982,0.27119076,0.19079065,0.37321877
693,0.10425902,0.065758675,0.65927666,0.17070562
694,0.07706997,0.18919146,0.5763147,0.1574239
695,0.106118575,0.5743792,0.20169087,0.117811374
696,0.31873247,0.5354464,0.099740885,0.046080213
697,0.24878684,0.14582492,0.40590873,0.19947949
698,0.24747619,0.4420729,0.13521004,0.17524087
699,0.65913856,0.19783115,0.025824374,0.1172059
700,0.029142981,0.084932275,0.70714694,0.17877778
701,0.18345818,0.072077714,0.09061777,0.6538463
702,0.091371275,0.11816274,0.18905641,0.60140955
703,0.13856179,0.12213474,0.605102,0.13420145
704,0.51100594,0.18179838,0.063637055,0.24355863
705,0.12367278,0.62008196,0.08515051,0.17109476
706,0.10311212,0.2640733,0.19303715,0.4397774
707,0.14431918,0.044627935,0.17381455,0.6372383
708,0.2276174,0.5163221,0.18566045,0.07040007
709,0.083707124,0.06631122,0.62747973,0.22250195
710,0.51526064,0.18706794,0.15880527,0.13886614
711,0.66744435,0.06320028,0.087081306,0.18227404
712,0.078584775,0.14435004,0.65291417,0.12415102
713,0.09136049,0.23362081,0.64231396,0.032704752
714,0.590525,0.16691989,0.10773231,0.13482283
715,0.48591816,0.16624582,0.19652645,0.15130956
716,0.29908437,0.36037847,0.16075574,0.1797814
717,0.11914348,0.17535694,0.5524625,0.15303709
718,0.15576689,0.20077862,0.04747494,0.5959796
719,0.05030353,0.10438285,0.7808829,0.06443074
720,0.21614727,0.10639343,0.09966466,0.5777947
721,0.093919314,0.56242484,0.1446657,0.19899017
722,0.10990046,0.26260373,0.4930046,0.13449122
723,0.31823486,0.44715148,0.104891986,0.12972169
724,0.13306963,0.1511109,0.12591724,0.5899022
725,0.73475033,0.08035543,0.11068627,0.07420797
726,0.1250768,0.09648666,0.09358391,0.6848526
727,0.16118008,0.10531471,0.53301215,0.20049305
728,0.18565884,0.061989613,0.4314078,0.32094374
729,0.06972792,0.07074271,0.7002165,0.15931292
730,0.57321894,0.21503358,0.11265496,0.09909251
731,0.17170888,0.19887152,0.5245706,0.10484904
732,0.20580538,0.1270511,0.09230087,0.5748427
733,0.1050485,0.1218678,0.5568945,0.21618919
734,0.2153787,0.21415384,0.047664095,0.52280337
735,0.056327336,0.27804902,0.61005485,0.055568784
736,0.08342288,0.27192402,0.47074723,0.17390588
737,0.1449766,0.5132253,0.18287495,0.15892312
738,0.044698924,0.17803003,0.6050836,0.17218745
739,0.21255049,0.07906429,0.057722107,0.65066314
740,0.22545247,0.5927628,0.17084846,0.010936262
741,0.086490236,0.30482805,0.48772064,0.120961085
742,0.06554376,0.16527784,0.673557,0.09562139
743,0.06445856,0.25235057,0.47663876,0.2065521
744,0.70006704,0.16236217,0.10093175,0.036639027
745,0.07031104,0.10552519,0.7063107,0.117853105
746,0.08684339,0.72856265,0.14491469,0.039679285
747,0.118808195,0.27560222,0.53604436,0.069545195
748,0.34183693,0.08312041,0.390566,0.18447664
749,0.092052415,0.21250479,0.5165561,0.1788867
750,0.72558975,0.14210835,0.024185315,0.10811656
751,0.12732698,0.5419895,0.106451675,0.22423181
752,0.7455298,0.13394041,0.052621882,0.067907944
753,0.098948985,0.12453762,0.408932,0.3675814
754,0.5829614,0.12427584,0.10032999,0.19243278
755,0.058015745,0.08516038,0.31505117,0.5417727
756,0.22353992,0.34881988,0.15149371,0.27614647
757,0.106339976,0.107485704,0.108989134,0.6771852
758,0.62556213,0.06529483,0.035846412,0.27329665
759,0.06517633,0.050220314,0.43805608,0.44654727
760,0.445204,0.14730826,0.07686046,0.3306273
761,0.15379658,0.4206417,0.20975004,0.21581168
762,0.07026131,0.065701485,0.39040962,0.4736276
763,0.0778145,0.11877947,0.57595074,0.22745527
764,0.16329916,0.08883576,0.14628142,0.60158366
765,0.16630378,0.08471725,0.0930011,0.65597785
766,0.054187,0.60288984,0.26337433,0.07954887
767,0.09678834,0.17787449,0.6519824,0.073354736
768,0.23255467,0.1716739,0.5128755,0.082895964
769,0.070452824,0.645173,0.22172357,0.0626506
770,0.14652437,0.12681201,0.43815094,0.28851268
771,0.1809779,0.5711609,0.10473821,0.14312294
772,0.0768333,0.15309118,0.6082169,0.16185866
773,0.062278617,0.13812302,0.6219579,0.17764048
774,0.46160987,0.1739593,0.19020821,0.17422262
775,0.18674628,0.1437938,0.49964318,0.16981673
776,0.06776563,0.10529962,0.66686875,0.16006601
777,0.05900972,0.20427263,0.6597103,0.07700736
778,0.609321,0.17818178,0.07684728,0.13564993
779,0.21934247,0.07955343,0.41368043,0.28742364
780,0.14124055,0.5751338,0.08189944,0.2017262
781,0.07659199,0.283623,0.56112,0.078665026
782,0.46150362,0.1873654,0.07877981,0.27235115
783,0.6052018,0.12840055,0.03297732,0.23342034
784,0.024386171,0.12921807,0.63835263,0.20804311
785,0.3586642,0.12074642,0.31214744,0.20844191
786,0.619941,0.060954075,0.16033979,0.15876512
787,0.14339532,0.5656992,0.1185328,0.17237262
788,0.048890695,0.69778216,0.119578965,0.13374817
789,0.21339016,0.11957253,0.12648074,0.54055655
790,0.59931964,0.19445005,0.09641298,0.10981731
791,0.07527099,0.62157315,0.14055717,0.16259867
792,0.16439028,0.08666237,0.11472508,0.63422227
793,0.033854138,0.13451684,0.35854116,0.47308785
794,0.10616215,0.106869556,0.21503648,0.57193184
795,0.3736411,0.29316148,0.2623798,0.0708176
796,0.04483712,0.7184418,0.11020742,0.1265137
797,0.103817925,0.6012466,0.1433778,0.15155767
798,0.29998446,0.40982366,0.08331214,0.20687975
799,0.09772121,0.12060444,0.06829862,0.71337575
800,0.04743542,0.13428281,0.5833947,0.23488705
801,0.5480688,0.15918855,0.16243686,0.13030578
802,0.102581255,0.1029819,0.6059265,0.18851031
803,0.13169914,0.5899974,0.112579316,0.16572414
804,0.13707675,0.06949199,0.19063033,0.6028009
805,0.044865366,0.6084951,0.21467805,0.13196145
806,0.67107373,0.17920476,0.05254066,0.09718086
807,0.09217103,0.70075154,0.13286656,0.07421086
808,0.10068975,0.5013091,0.21973775,0.17826341
809,0.4783587,0.17245209,0.30848622,0.040703
810,0.06688375,0.10985035,0.6471336,0.1761323
811,0.22037007,0.623195,0.1001906,0.056244347
812,0.26531702,0.070026755,0.110619344,0.55403686
813,0.028771,0.2787721,0.6465523,0.04590458
814,0.045988772,0.2294641,0.68038,0.04416715
815,0.24193373,0.5367432,0.1286123,0.09271076
816,0.10919384,0.15364999,0.66125613,0.07590002
817,0.08525453,0.11174287,0.6190524,0.1839502
818,0.26340845,0.45613754,0.073858455,0.20659555
819,0.69447774,0.07828635,0.070626505,0.15660942
820,0.09159117,0.07710517,0.7415444,0.08975921
821,0.4297946,0.2688031,0.13241184,0.16899045
822,0.1685741,0.58707404,0.094228104,0.15012375
823,0.082797565,0.62119716,0.23089118,0.06511408
824,0.30930322,0.03935068,0.05092097,0.6004251
825,0.20804055,0.13818648,0.5884515,0.06532147
826,0.09830692,0.14109248,0.6591632,0.10143743
827,0.05804996,0.38272142,0.31464168,0.24458693
828,0.15998006,0.15382433,0.26298937,0.42320624
829,0.13648131,0.0983805,0.079745874,0.6853923
830,0.12173218,0.15579562,0.4788856,0.24358658
831,0.13837755,0.21114886,0.58377814,0.066695474
832,0.113274544,0.09681752,0.05624033,0.7336676
833,0.08279851,0.12432253,0.57901746,0.2138615
834,0.106910236,0.09772466,0.24075776,0.55460733
835,0.021245321,0.18567556,0.66786474,0.1252144
836,0.76983345,0.080585204,0.06004042,0.08954093
837,0.10886744,0.06861279,0.6029013,0.2196185
838,0.12540533,0.6006049,0.10791473,0.16607507
839,0.14851058,0.088295646,0.11325375,0.64994
840,0.5625172,0.077421874,0.10174651,0.25831443
841,0.14083415,0.06333155,0.43621382,0.35962045
842,0.061444726,0.2639558,0.50386506,0.17073444
843,0.13155483,0.14011957,0.16043831,0.5678873
