,Prob_0,Prob_1,Prob_2,Prob_3
0,0.6058258,0.17137472,0.07475108,0.14804843
1,0.20612524,0.1704478,0.10914494,0.514282
2,0.074272886,0.34426308,0.51071423,0.0707498
3,0.1393028,0.63396233,0.16042951,0.066305354
4,0.5172572,0.15043041,0.058341857,0.2739705
5,0.47574893,0.16173019,0.09492872,0.2675922
6,0.45940197,0.2815409,0.11731666,0.14174049
7,0.044158608,0.26889312,0.6370979,0.049850382
8,0.39893922,0.24701205,0.2649296,0.08911912
9,0.12749128,0.18370484,0.40448967,0.28431422
10,0.15221249,0.18004796,0.118267454,0.5494721
11,0.1282412,0.39233002,0.36545506,0.11397374
12,0.1522912,0.5386459,0.085869476,0.22319338
13,0.24554072,0.47702765,0.09279532,0.18463631
14,0.52154326,0.13182469,0.11747166,0.2291604
15,0.53959256,0.22547579,0.17937939,0.05555229
16,0.100012176,0.1718322,0.60664475,0.12151087
17,0.19024457,0.3656918,0.33800164,0.10606198
18,0.09208268,0.21353033,0.6365226,0.05786439
19,0.53978103,0.0879264,0.15171829,0.22057426
20,0.089028955,0.13113284,0.5603041,0.21953407
21,0.083218575,0.5652367,0.14368106,0.2078637
22,0.07257301,0.102541886,0.6438791,0.18100597
23,0.32037696,0.15096653,0.18598975,0.34266677
24,0.13076533,0.53665227,0.16614017,0.16644223
25,0.31977952,0.169142,0.083638914,0.4274396
26,0.10256033,0.06610002,0.6511055,0.18023413
27,0.10440305,0.607893,0.2553753,0.032328628
28,0.13646951,0.34107837,0.16076778,0.36168432
29,0.6390768,0.13136563,0.09962797,0.12992957
30,0.29394627,0.33575982,0.21466717,0.15562674
31,0.43919855,0.18814632,0.12799114,0.24466398
32,0.16909009,0.13679443,0.097631514,0.59648395
33,0.19947715,0.3664973,0.21134947,0.22267607
34,0.25593227,0.070741855,0.08889219,0.5844337
35,0.49600798,0.19302675,0.11429989,0.19666539
36,0.1055035,0.107504055,0.60851777,0.17847466
37,0.6666307,0.13170773,0.08150787,0.1201537
38,0.10262465,0.18017921,0.55042773,0.1667684
39,0.5886938,0.07777047,0.15323828,0.18029745
40,0.21200016,0.2610174,0.20059976,0.32638267
41,0.06432539,0.51241255,0.25524116,0.16802092
42,0.5219604,0.24284145,0.11630382,0.11889436
43,0.2372476,0.10808154,0.08632919,0.5683417
44,0.25624087,0.4913673,0.17468105,0.077710755
45,0.10674119,0.13798095,0.5660353,0.18924256
46,0.16729347,0.115885,0.507304,0.20951754
47,0.055489402,0.19822772,0.24542853,0.5008544
48,0.5564752,0.12612167,0.24488379,0.072519295
49,0.5327396,0.12047967,0.075956635,0.27082413
50,0.43149737,0.2360768,0.22762868,0.10479718
51,0.46651545,0.234487,0.14172608,0.15727146
52,0.1744218,0.1189073,0.11371214,0.59295875
53,0.5865577,0.09542137,0.1786461,0.13937482
54,0.28743348,0.08764277,0.107896514,0.51702726
55,0.118290626,0.6771952,0.13553931,0.068974875
56,0.09877005,0.20886016,0.6069135,0.0854563
57,0.64373606,0.17188291,0.09136817,0.09301288
58,0.1453002,0.5769773,0.1288142,0.14890827
59,0.15960418,0.49317452,0.102310695,0.24491061
60,0.63563573,0.12305092,0.0592652,0.18204816
61,0.18299173,0.46334106,0.1406634,0.21300381
62,0.06746074,0.10010847,0.23601136,0.59641945
63,0.42744517,0.18264557,0.25334772,0.13656153
64,0.12149484,0.52678734,0.21581097,0.13590683
65,0.3158521,0.35805923,0.12670265,0.19938602
66,0.43883568,0.29929823,0.16604519,0.09582092
67,0.09738372,0.5641155,0.17850547,0.15999529
68,0.072451994,0.5051992,0.17843968,0.24390912
69,0.1581208,0.59157693,0.15424882,0.096053466
70,0.18416634,0.5314253,0.18527614,0.09913222
71,0.51106787,0.15049207,0.14949805,0.18894204
72,0.059017643,0.13306955,0.72353745,0.084375374
73,0.18541542,0.4996132,0.29305986,0.021911524
74,0.18476745,0.5663958,0.13769872,0.11113798
75,0.09149502,0.1600432,0.20318046,0.54528135
76,0.5276204,0.14981899,0.21271367,0.10984694
77,0.6019307,0.17335635,0.10351214,0.12120082
78,0.045013268,0.22030644,0.67255414,0.062126156
79,0.7210057,0.15275618,0.04676666,0.07947146
80,0.4927136,0.19792409,0.10955746,0.19980486
81,0.5585835,0.1309737,0.1582702,0.15217263
82,0.23420271,0.558276,0.06677149,0.1407498
83,0.5953095,0.09839272,0.083598845,0.22269894
84,0.13255174,0.11532358,0.6694134,0.08271129
85,0.19102919,0.59075266,0.10785332,0.11036485
86,0.08092729,0.23469251,0.6272379,0.05714228
87,0.20130098,0.18146408,0.19088289,0.42635202
88,0.28800562,0.37187153,0.19462368,0.1454992
89,0.6681985,0.08455438,0.10351274,0.14373434
90,0.35904595,0.20801046,0.21052174,0.22242182
91,0.12825884,0.1725193,0.10055634,0.59866554
92,0.067686655,0.144753,0.6740727,0.11348765
93,0.0780016,0.7935755,0.07743635,0.05098653
94,0.75374943,0.13549396,0.07448238,0.036274206
95,0.08816152,0.08762821,0.4009801,0.42323017
96,0.5835405,0.17567345,0.050684597,0.19010147
97,0.39984062,0.3370337,0.114355326,0.14877035
98,0.08025062,0.13348185,0.1309134,0.65535414
99,0.2160639,0.13624814,0.20387973,0.44380823
100,0.049034208,0.09931909,0.7087686,0.14287809
101,0.11560202,0.45506456,0.20063071,0.22870271
102,0.17658454,0.5337098,0.2239918,0.06571384
103,0.5717628,0.22218147,0.06664012,0.13941559
104,0.080585666,0.55694455,0.2656494,0.09682034
105,0.119555786,0.0733066,0.33740875,0.46972886
106,0.13980849,0.11180842,0.5123326,0.23605049
107,0.08701591,0.17667359,0.32913303,0.40717745
108,0.092090726,0.116990425,0.23050092,0.56041795
109,0.5625717,0.18325318,0.085959576,0.16821554
110,0.4896067,0.32711095,0.095243774,0.08803855
111,0.08862396,0.08541713,0.4901913,0.3357676
112,0.22374457,0.13117309,0.13013709,0.51494527
113,0.523183,0.15449202,0.12217857,0.20014645
114,0.1071266,0.12598719,0.65624356,0.110642634
115,0.19633612,0.4879222,0.15225342,0.16348827
116,0.18274306,0.1662373,0.22562289,0.42539677
117,0.2553497,0.32480195,0.16353214,0.2563162
118,0.12196056,0.09933814,0.16065578,0.6180455
119,0.17387411,0.12196415,0.1471071,0.55705464
120,0.17561579,0.15154624,0.3954296,0.27740836
121,0.6236559,0.14261962,0.046217933,0.18750651
122,0.19565351,0.29283574,0.09346591,0.41804484
123,0.55534554,0.21655889,0.10943894,0.11865663
124,0.6708521,0.16956191,0.116007574,0.043578397
125,0.47333628,0.08424892,0.2526227,0.18979211
126,0.6474463,0.11992496,0.08782528,0.14480348
127,0.6990951,0.10461383,0.09093094,0.10536014
128,0.09809067,0.1503577,0.6709093,0.08064233
129,0.18300785,0.2542361,0.437943,0.12481302
130,0.19123884,0.24278057,0.20229599,0.36368462
131,0.068689,0.16471572,0.11044995,0.65614533
132,0.5625756,0.17724255,0.14162652,0.11855534
133,0.7197878,0.10824947,0.06587544,0.106087334
134,0.1437859,0.1800877,0.59876364,0.07736277
135,0.11542895,0.18785574,0.22392689,0.47278845
136,0.12250572,0.5928259,0.12559415,0.15907426
137,0.1423606,0.067424625,0.07365414,0.71656066
138,0.2448616,0.12181374,0.07019521,0.5631294
139,0.19348222,0.38482338,0.2778967,0.14379768
140,0.17682941,0.057251543,0.14632623,0.6195928
141,0.31565037,0.084623694,0.05771873,0.5420072
142,0.24462862,0.43548945,0.2146332,0.10524874
143,0.21944824,0.1655193,0.40790662,0.20712584
144,0.049611285,0.1252853,0.7819555,0.04314792
145,0.3593309,0.21212992,0.19704726,0.23149191
146,0.65559924,0.12710047,0.0975029,0.11979738
147,0.15866505,0.21148634,0.48107094,0.14877766
148,0.20114844,0.15589182,0.15953724,0.4834225
149,0.28610206,0.1564367,0.17806162,0.37939963
150,0.121509776,0.17494407,0.20729347,0.4962527
151,0.08097119,0.1343211,0.3805111,0.40419662
152,0.16302918,0.29118362,0.18538223,0.36040497
153,0.21896963,0.100431465,0.09298374,0.5876152
154,0.6938151,0.057412323,0.08622909,0.16254349
155,0.17345113,0.33551988,0.12640221,0.36462677
156,0.20351085,0.09650413,0.07043639,0.6295486
157,0.6205625,0.066572554,0.07198191,0.24088305
158,0.22920705,0.045541957,0.094351575,0.6308994
159,0.21593131,0.24343456,0.44509152,0.0955426
160,0.6091129,0.09862112,0.081651784,0.21061416
161,0.04959591,0.18628827,0.715532,0.04858379
162,0.1880964,0.39593115,0.32917383,0.086798616
163,0.14021765,0.122451015,0.3756506,0.36168072
164,0.5377013,0.09875416,0.07247139,0.2910731
165,0.044103354,0.13606775,0.7389893,0.08083961
166,0.32629186,0.22669315,0.23950414,0.20751084
167,0.1302411,0.34870383,0.283108,0.23794706
168,0.30352032,0.13156967,0.07769025,0.48721978
169,0.36765987,0.36281654,0.1961287,0.07339489
170,0.22525641,0.5407459,0.17412083,0.05987685
171,0.5780752,0.16134341,0.12151352,0.13906787
172,0.5978646,0.16209568,0.119120285,0.12091942
173,0.1254169,0.17500073,0.062880136,0.63670224
174,0.18014403,0.44963476,0.1864893,0.18373193
175,0.18498738,0.6059003,0.13550055,0.0736118
176,0.18295424,0.17557754,0.57248026,0.06898796
177,0.18122268,0.57366806,0.16826677,0.076842465
178,0.2164899,0.14720298,0.07381517,0.56249195
179,0.4367089,0.16859417,0.29627287,0.09842407
180,0.17770152,0.13429415,0.44301224,0.24499208
181,0.30197388,0.36437473,0.07181188,0.26183954
182,0.10301519,0.1718017,0.18462479,0.54055834
183,0.20833108,0.24892321,0.11593772,0.426808
184,0.19896586,0.405874,0.16345364,0.23170647
185,0.11093163,0.25863597,0.1546405,0.47579193
186,0.65865463,0.08257511,0.084895685,0.17387457
187,0.12854911,0.12805624,0.6730324,0.07036225
188,0.43149868,0.2909664,0.06423557,0.21329936
189,0.6276561,0.07305331,0.08633945,0.21295111
190,0.13489088,0.16672964,0.10101023,0.59736925
191,0.20820723,0.23501718,0.4371869,0.119588695
192,0.5207637,0.1639135,0.08817534,0.22714746
193,0.12738398,0.20761557,0.078761265,0.58623916
194,0.15843336,0.12259659,0.11947455,0.5994955
195,0.31569788,0.13079359,0.3579349,0.19557366
196,0.16114186,0.17369822,0.08703903,0.5781209
197,0.70385766,0.098507464,0.048274398,0.14936045
198,0.17303993,0.106014796,0.08186389,0.63908136
199,0.15794536,0.118484914,0.09946188,0.62410784
200,0.12625262,0.10672761,0.11582679,0.65119296
201,0.17056058,0.5767638,0.084329896,0.16834572
202,0.4681645,0.22999494,0.16383193,0.13800861
203,0.18836251,0.4942559,0.17533563,0.14204594
204,0.11988034,0.5527095,0.112013906,0.21539623
205,0.1880239,0.058227815,0.12841153,0.62533677
206,0.65953964,0.16299836,0.086051926,0.091410056
207,0.17682028,0.4302699,0.168401,0.22450884
208,0.21366458,0.5995758,0.08636842,0.100391194
209,0.13605623,0.21932822,0.46208197,0.18253358
210,0.5378799,0.18866572,0.16741993,0.1060345
211,0.48720717,0.084610686,0.28015777,0.1480244
212,0.6924401,0.08599754,0.080409326,0.14115305
213,0.5364689,0.09711833,0.26790848,0.0985043
214,0.17185771,0.14139362,0.2026389,0.4841098
215,0.10008792,0.5078558,0.21473107,0.17732523
216,0.08236779,0.08501681,0.15647586,0.67613953
217,0.12550445,0.47352567,0.18815784,0.21281205
218,0.120827496,0.60635084,0.1942385,0.07858314
219,0.10067558,0.20370346,0.15894687,0.5366741
220,0.4432327,0.3516207,0.06846336,0.13668327
221,0.13148628,0.13143334,0.08583762,0.6512428
222,0.14360303,0.14147419,0.19484988,0.5200729
223,0.15328802,0.13011637,0.103133254,0.6134623
224,0.5437429,0.22278504,0.17933998,0.054132104
225,0.06941562,0.3446902,0.2563877,0.32950646
226,0.15229663,0.5473099,0.26128703,0.039106485
227,0.668371,0.121178284,0.0569652,0.15348552
228,0.12333945,0.13110013,0.35353282,0.3920276
229,0.35608825,0.13234264,0.09077539,0.4207937
230,0.122654125,0.20989881,0.6100728,0.05737429
231,0.06551521,0.55745214,0.25390664,0.12312601
232,0.16335842,0.31724367,0.17662665,0.34277126
233,0.20079362,0.06584438,0.66143286,0.071929164
234,0.06340125,0.28812572,0.10026642,0.54820657
235,0.1408669,0.15176967,0.14766951,0.55969393
236,0.045492303,0.120580494,0.67860866,0.15531851
237,0.11857126,0.55674237,0.114132546,0.21055384
238,0.7470417,0.11573161,0.042067837,0.09515885
239,0.028899036,0.14147565,0.7370866,0.09253873
240,0.63801104,0.1838884,0.112687744,0.06541284
241,0.14214493,0.45903593,0.17710748,0.22171164
242,0.06426877,0.3421254,0.5329277,0.060678124
243,0.27965108,0.22318368,0.23626469,0.26090056
244,0.4437148,0.1993974,0.09103786,0.26584995
245,0.15305081,0.08946836,0.5608395,0.19664134
246,0.08438228,0.43489417,0.3439692,0.13675438
247,0.24020937,0.19165115,0.14147517,0.4266643
248,0.2544562,0.22124547,0.40741077,0.116887584
249,0.254658,0.099309474,0.12230472,0.5237278
250,0.2518105,0.4996561,0.12363767,0.12489575
251,0.23235847,0.43749538,0.12224645,0.20789967
252,0.500325,0.2958824,0.08745552,0.11633703
253,0.4822618,0.09611662,0.11057635,0.31104523
254,0.15087159,0.16108559,0.12446537,0.5635775
255,0.53220445,0.09081321,0.08045655,0.2965258
256,0.11903825,0.6179146,0.17276947,0.09027768
257,0.5525687,0.21308234,0.13071366,0.103635326
258,0.7190957,0.1019698,0.04650378,0.13243072
259,0.07305636,0.1959229,0.6754253,0.055595435
260,0.11177451,0.2468749,0.5745267,0.06682388
261,0.55999976,0.22488564,0.07920182,0.1359128
262,0.267396,0.17675489,0.089132756,0.46671635
263,0.06144132,0.15753987,0.7206319,0.060386896
264,0.10695485,0.08887699,0.14548174,0.6586864
265,0.28517538,0.11951191,0.51318115,0.08213157
266,0.12155761,0.27356946,0.44857487,0.15629806
267,0.0969096,0.40618294,0.25311887,0.24378859
268,0.13097283,0.50842816,0.2809591,0.07963992
269,0.14491661,0.6859773,0.13327023,0.03583585
270,0.3022541,0.44015357,0.13895887,0.11863345
271,0.17549321,0.4972085,0.21685138,0.1104469
272,0.113936074,0.577065,0.20830901,0.100689955
273,0.06334097,0.044463333,0.65137,0.24082571
274,0.538999,0.21859549,0.1476133,0.09479221
275,0.44783452,0.15170485,0.09749326,0.3029674
276,0.0400941,0.15357131,0.6237296,0.18260501
277,0.26336974,0.0660328,0.095207274,0.5753902
278,0.6232946,0.07704373,0.1673157,0.13234594
279,0.23772262,0.16637157,0.10081596,0.49508986
280,0.12452166,0.14169233,0.14036018,0.59342587
281,0.49635458,0.20437972,0.1681127,0.13115299
282,0.13068947,0.09328847,0.06362987,0.7123922
283,0.47017163,0.21648383,0.11208655,0.20125799
284,0.091578804,0.61344856,0.18541504,0.10955758
285,0.09678415,0.6440488,0.17127377,0.087893285
286,0.058277145,0.10282064,0.15115063,0.6877516
287,0.23400937,0.09492064,0.33292004,0.33814994
288,0.10940975,0.52197874,0.24434711,0.12426442
289,0.14043519,0.1304595,0.62512887,0.10397641
290,0.10763283,0.18197048,0.6421472,0.0682495
291,0.07841265,0.2576607,0.62157243,0.0423542
292,0.25540647,0.1469707,0.15703732,0.4405855
293,0.14222468,0.097437546,0.17004305,0.5902947
294,0.53732455,0.23174964,0.09505763,0.13586815
295,0.16604143,0.1888073,0.37048143,0.27466983
296,0.08135547,0.55998206,0.28259096,0.076071545
297,0.10490969,0.41658396,0.1790044,0.29950196
298,0.10556911,0.25985587,0.5763869,0.058188107
299,0.13121286,0.14329596,0.18161905,0.5438721
300,0.07548597,0.2177347,0.5934709,0.11330848
301,0.5644176,0.1400169,0.07199754,0.22356799
302,0.14117824,0.5479327,0.1861464,0.124742694
303,0.46467406,0.19942978,0.21692371,0.11897245
304,0.07401514,0.08298215,0.59695214,0.24605055
305,0.10961188,0.15051934,0.12729077,0.61257803
306,0.13639839,0.29170188,0.2098873,0.36201242
307,0.07985076,0.29996213,0.49923545,0.12095165
308,0.13140197,0.54050577,0.24792911,0.08016319
309,0.12708956,0.53252524,0.13708214,0.20330304
310,0.09000611,0.19017255,0.6601736,0.05964776
311,0.40503946,0.4044032,0.102932855,0.08762447
312,0.1436885,0.49581033,0.21963646,0.14086471
313,0.13805231,0.28878313,0.49119368,0.08197086
314,0.13651654,0.15645054,0.13297877,0.5740541
315,0.6057219,0.07398402,0.060014553,0.26027954
316,0.0564572,0.12828438,0.7012499,0.11400854
317,0.14351206,0.2223333,0.07007933,0.5640753
318,0.6123198,0.19878322,0.059601035,0.12929593
319,0.6303898,0.1644069,0.10614132,0.09906198
320,0.61001533,0.10812413,0.10831986,0.1735407
321,0.28025004,0.16279703,0.12104079,0.43591216
322,0.49448052,0.18835975,0.07569311,0.24146661
323,0.16710445,0.122817285,0.10023813,0.6098401
324,0.21364646,0.23488568,0.102486335,0.44898152
325,0.04472955,0.14041992,0.1675944,0.64725614
326,0.07189756,0.1632117,0.7012068,0.06368396
327,0.13780555,0.1332075,0.15064278,0.57834417
328,0.1987746,0.5307304,0.12785481,0.14264019
329,0.15374142,0.41136912,0.3326242,0.10226527
330,0.11904054,0.6213149,0.16871001,0.09093456
331,0.26378313,0.50370675,0.08850969,0.14400044
332,0.08649567,0.25958067,0.42239967,0.23152399
333,0.120731674,0.55837524,0.15239467,0.1684984
334,0.07106295,0.19828966,0.52865016,0.20199724
335,0.08978849,0.58667266,0.2116791,0.11185975
336,0.069172986,0.19706371,0.6631097,0.07065355
337,0.13320415,0.16748698,0.12729381,0.57201505
338,0.12862445,0.056147963,0.7000611,0.1151665
339,0.1782496,0.044724822,0.25282487,0.52420074
340,0.46949428,0.18047303,0.25374633,0.09628634
341,0.15619871,0.16510195,0.44843286,0.23026647
342,0.21547624,0.5526262,0.064204946,0.16769263
343,0.23113433,0.11234544,0.1993692,0.45715103
344,0.08056286,0.5491158,0.32654518,0.043776214
345,0.07176539,0.23383014,0.6493995,0.04500492
346,0.30955288,0.2606344,0.24560495,0.18420778
347,0.29504138,0.17154871,0.09287875,0.44053116
348,0.68711036,0.09243782,0.058072314,0.16237949
349,0.1504284,0.13612725,0.103043266,0.6104011
350,0.072271496,0.27168372,0.63141763,0.024627123
351,0.54228306,0.14883976,0.117023215,0.19185394
352,0.10126446,0.09647703,0.4693336,0.33292493
353,0.53318745,0.12512684,0.14944495,0.19224076
354,0.4971626,0.17322117,0.16155574,0.1680605
355,0.14752388,0.5750599,0.19627891,0.08113732
356,0.30148777,0.14770396,0.11974196,0.43106633
357,0.14248468,0.5703637,0.23553243,0.051619217
358,0.21028565,0.16985007,0.19792762,0.42193666
359,0.19333842,0.50402707,0.1232609,0.17937358
360,0.41116866,0.2953188,0.11559358,0.17791893
361,0.17111404,0.12170243,0.13120562,0.5759779
362,0.5916982,0.19444513,0.08680488,0.12705177
363,0.1390094,0.51381844,0.279379,0.06779311
364,0.15590023,0.49340448,0.28506345,0.06563187
365,0.0874831,0.27222893,0.39977843,0.24050954
366,0.29258472,0.49558976,0.09054158,0.121283956
367,0.2058086,0.16167434,0.17815511,0.45436195
368,0.09937582,0.3540941,0.28071612,0.26581398
369,0.13065769,0.09729575,0.2939397,0.47810686
370,0.07473858,0.66565365,0.14764269,0.111965105
371,0.11361492,0.07141925,0.15727288,0.65769297
372,0.09870909,0.066237226,0.6089147,0.22613902
373,0.07454762,0.11198895,0.43318856,0.38027486
374,0.19028078,0.516475,0.18945973,0.103784494
375,0.08440276,0.12452252,0.14781697,0.64325774
376,0.6936074,0.09077239,0.0630784,0.15254182
377,0.22635071,0.115482494,0.54003847,0.11812831
378,0.3459982,0.16367649,0.19263005,0.29769525
379,0.12695524,0.24520317,0.5770261,0.050815493
380,0.108029544,0.62405324,0.2018665,0.06605072
381,0.4777196,0.1372522,0.10577977,0.27924845
382,0.5176453,0.12320262,0.19856502,0.16058706
383,0.255242,0.13375184,0.068984926,0.5420212
384,0.09775073,0.12985489,0.63510454,0.13728982
385,0.6262966,0.17254451,0.05993035,0.14122857
386,0.12719256,0.62266827,0.15270346,0.09743574
387,0.070943944,0.17156592,0.6063613,0.15112881
388,0.06713085,0.15430368,0.6484139,0.13015158
389,0.57280153,0.19397384,0.110460326,0.1227643
390,0.0810019,0.2765427,0.5037905,0.13866492
391,0.34570524,0.111935124,0.13660905,0.4057506
392,0.13295947,0.13802555,0.29766887,0.43134612
393,0.098965585,0.14267758,0.5948791,0.16347776
394,0.6217272,0.14884728,0.13843128,0.09099421
395,0.107938536,0.13843401,0.25889468,0.49473277
396,0.15085922,0.5375081,0.17139497,0.14023772
397,0.6396449,0.14849254,0.13518536,0.0766772
398,0.6531669,0.13241097,0.08984395,0.12457817
399,0.2349099,0.16177948,0.07387284,0.5294378
400,0.6064434,0.13815543,0.10158234,0.15381883
401,0.31947833,0.3575242,0.09210256,0.23089492
402,0.419776,0.1722733,0.08099387,0.32695684
403,0.057284415,0.20728114,0.6749985,0.060435914
404,0.09847967,0.2799639,0.27831006,0.34324637
405,0.18943416,0.38946077,0.21124826,0.20985681
406,0.09811082,0.5766888,0.2315023,0.09369807
407,0.11757024,0.1414288,0.14521639,0.5957846
408,0.066765755,0.17216931,0.7113001,0.04976486
409,0.49329188,0.24330819,0.10417444,0.15922548
410,0.0941834,0.10345539,0.1614305,0.6409307
411,0.42490694,0.24316806,0.10877139,0.22315362
412,0.19061525,0.42612395,0.21367,0.1695908
413,0.57047886,0.0911483,0.10377152,0.23460133
414,0.53084934,0.14165731,0.14743233,0.18006103
415,0.6984524,0.11092964,0.04773929,0.14287864
416,0.24794061,0.19308077,0.34325927,0.21571934
417,0.5914949,0.20059326,0.07465127,0.13326055
418,0.14295115,0.2239651,0.5231091,0.10997468
419,0.071473174,0.20035756,0.70028543,0.027883844
420,0.12654363,0.213035,0.5254038,0.1350176
421,0.56617117,0.09339319,0.1228305,0.21760514
422,0.24297665,0.11749846,0.09398562,0.54553926
423,0.21375899,0.10480896,0.06351649,0.6179156
424,0.08219921,0.16121325,0.25499567,0.50159186
425,0.1783396,0.47781405,0.12021091,0.22363545
426,0.1598664,0.10317706,0.3911027,0.34585384
427,0.053654335,0.20010723,0.6752976,0.0709408
428,0.14860505,0.44281942,0.32030663,0.08826893
429,0.08358349,0.45479223,0.37575763,0.08586664
430,0.16758995,0.16434358,0.12787184,0.54019463
431,0.109172404,0.56494474,0.13646531,0.18941753
432,0.13366428,0.07906402,0.15223645,0.6350353
433,0.11749692,0.6474298,0.15393078,0.081142455
434,0.09793998,0.12564494,0.17703278,0.5993823
435,0.14683546,0.19139503,0.5489008,0.11286873
436,0.13994776,0.1358876,0.58865076,0.13551387
437,0.24810547,0.17836379,0.12988652,0.44364423
438,0.4535084,0.16952586,0.18016271,0.19680302
439,0.26332405,0.1703899,0.48919943,0.07708661
440,0.46951574,0.24784328,0.14517766,0.1374633
441,0.557789,0.13664167,0.09461392,0.2109554
442,0.41058427,0.1450024,0.1038997,0.34051365
443,0.17429243,0.47998172,0.14394332,0.20178251
444,0.20263611,0.5325336,0.06347964,0.20135067
445,0.095362484,0.46374336,0.2862974,0.15459673
446,0.04697481,0.12591912,0.6554122,0.17169388
447,0.6845517,0.105577156,0.053082243,0.15678887
448,0.0901396,0.20791508,0.59535414,0.10659115
449,0.38918406,0.33737344,0.07034159,0.2031009
450,0.09441242,0.15887383,0.6553643,0.0913495
451,0.43646047,0.28095502,0.057239264,0.22534524
452,0.18007196,0.68322396,0.05232594,0.0843781
453,0.108540155,0.18830861,0.25350046,0.44965076
454,0.19775206,0.1526901,0.12569319,0.5238646
455,0.58062124,0.17250578,0.17252332,0.07434968
456,0.036163498,0.109232865,0.61648905,0.23811458
457,0.51348287,0.13255547,0.111025095,0.24293654
458,0.14150691,0.5141283,0.2337911,0.11057369
459,0.12250238,0.23388542,0.4612129,0.18239927
460,0.12200557,0.5134724,0.28900293,0.07551912
461,0.07276096,0.072362065,0.3264441,0.5284329
462,0.59460956,0.14547467,0.09613525,0.16378053
463,0.087808065,0.24437432,0.5953447,0.07247288
464,0.13867958,0.110898405,0.11416785,0.63625413
465,0.30822116,0.16450344,0.2467551,0.2805203
466,0.13495204,0.2687307,0.5019731,0.09434418
467,0.3593125,0.07744763,0.07601163,0.4872282
468,0.57498,0.12900598,0.051820774,0.24419321
469,0.3698508,0.09719058,0.059078645,0.47387993
470,0.13097191,0.5458134,0.27298117,0.050233535
471,0.063896,0.24013188,0.6457038,0.050268326
472,0.29071516,0.5427312,0.098596685,0.067956924
473,0.06469322,0.11755676,0.24963866,0.56811136
474,0.11143954,0.68217367,0.11114668,0.09524008
475,0.12504627,0.1688676,0.15700397,0.54908216
476,0.3516844,0.23071161,0.072105624,0.34549835
477,0.14932601,0.07759376,0.0903677,0.68271255
478,0.62326044,0.12262639,0.07205781,0.18205537
479,0.121691145,0.16660056,0.11296885,0.59873945
480,0.237012,0.50423664,0.13470408,0.12404726
481,0.6746712,0.10330135,0.05935916,0.1626683
482,0.08135956,0.14210357,0.6816364,0.09490051
483,0.065815784,0.22545797,0.65911484,0.049611423
484,0.62204623,0.12455577,0.09260324,0.16079476
485,0.09343448,0.64027566,0.16739711,0.098892756
486,0.044230487,0.77382815,0.11648494,0.06545643
487,0.40216997,0.21568194,0.21508661,0.16706146
488,0.34125832,0.072460696,0.10294933,0.48333165
489,0.17282546,0.57130015,0.121510856,0.13436355
490,0.09939053,0.62609303,0.13327225,0.1412442
491,0.2458872,0.32571167,0.28146955,0.14693159
492,0.5875508,0.22030291,0.053372487,0.13877377
493,0.09321973,0.17097776,0.6317163,0.104086235
494,0.15980396,0.20788991,0.13836254,0.49394357
495,0.65142286,0.16340294,0.106937826,0.07823638
496,0.06517342,0.17007828,0.23619594,0.52855235
497,0.6143739,0.20089298,0.11358656,0.07114655
498,0.55193937,0.16010317,0.075774215,0.21218325
499,0.3099059,0.15765719,0.14743008,0.38500684
500,0.057120375,0.32374993,0.10384326,0.51528645
501,0.14213209,0.077235766,0.14170077,0.63893133
502,0.35312387,0.27949515,0.084953144,0.28242782
503,0.058875643,0.12429831,0.72853714,0.088288896
504,0.18474492,0.14398915,0.091834575,0.57943135
505,0.21118405,0.14749646,0.13826254,0.50305694
506,0.052320313,0.12111095,0.38433313,0.4422356
507,0.17275822,0.63738793,0.10316682,0.08668702
508,0.097763106,0.6318538,0.19088201,0.07950105
509,0.12059133,0.6407901,0.16124019,0.077378355
510,0.13659917,0.20648384,0.5007417,0.15617527
511,0.119642794,0.5325564,0.1763924,0.17140839
512,0.13001299,0.16954505,0.18448201,0.5159599
513,0.15566912,0.06100177,0.17541473,0.6079144
514,0.20704216,0.20145276,0.11474458,0.4767605
515,0.09199468,0.13065137,0.7033152,0.07403877
516,0.026339864,0.5595943,0.25914794,0.15491788
517,0.26350278,0.071791954,0.52213657,0.14256872
518,0.038696535,0.28902215,0.61304337,0.05923797
519,0.12067003,0.26917857,0.113998026,0.49615338
520,0.038826,0.14834385,0.74639595,0.06643421
521,0.035442587,0.067547575,0.75374097,0.14326887
522,0.2651148,0.48776448,0.16620953,0.08091116
523,0.675897,0.12762786,0.060038835,0.13643633
524,0.29374596,0.2478945,0.24359103,0.21476851
525,0.6221514,0.1492795,0.11787083,0.11069831
526,0.05935106,0.106942266,0.69893676,0.1347699
527,0.13589978,0.100473024,0.14439365,0.61923355
528,0.40820378,0.09543014,0.118876554,0.37748954
529,0.14479385,0.3929743,0.31457278,0.14765908
530,0.43716195,0.19300403,0.2665616,0.103272416
531,0.1295861,0.103335336,0.54636014,0.22071843
532,0.23047714,0.11617316,0.2860109,0.36733884
533,0.20045403,0.21062233,0.37881494,0.2101087
534,0.15180027,0.17023389,0.47623795,0.20172788
535,0.1590304,0.09148331,0.18618622,0.5633001
536,0.6568051,0.10258935,0.15255101,0.08805456
537,0.49489605,0.1768761,0.0922528,0.23597506
538,0.11235923,0.41369045,0.34538797,0.12856235
539,0.14734325,0.5905723,0.15334493,0.1087395
540,0.14284796,0.12823045,0.5605468,0.16837478
541,0.22378944,0.53073424,0.12038818,0.12508816
542,0.60845387,0.05552595,0.101313904,0.2347063
543,0.39907524,0.09986575,0.06516846,0.43589053
544,0.14331296,0.5486072,0.17434806,0.13373178
545,0.17410883,0.15586908,0.11816642,0.5518557
546,0.10951308,0.15792827,0.23405275,0.4985059
547,0.08897538,0.07945058,0.43717462,0.39439943
548,0.13904276,0.08970512,0.12655866,0.64469343
549,0.06519831,0.13311855,0.7320654,0.06961773
550,0.20261605,0.07017472,0.4305028,0.29670644
551,0.48407397,0.16095422,0.08185716,0.27311465
552,0.65987295,0.06715356,0.07632585,0.19664767
553,0.116360314,0.12240275,0.34750816,0.41372877
554,0.55088377,0.22193147,0.13130109,0.095883675
555,0.2389109,0.401938,0.24267998,0.11647112
556,0.5927296,0.19329947,0.08350223,0.13046868
557,0.20304824,0.605102,0.11741741,0.07443235
558,0.078615144,0.67506284,0.14868106,0.09764095
559,0.22509138,0.61451364,0.11089047,0.049504496
560,0.23415089,0.6124142,0.097062916,0.056372043
561,0.22456038,0.46434507,0.15889251,0.15220204
562,0.11195413,0.5239458,0.16434301,0.19975702
563,0.20483927,0.14030632,0.1330942,0.5217602
564,0.142526,0.08623916,0.56911063,0.2021242
565,0.14755274,0.1850934,0.56567544,0.101678394
566,0.09504853,0.52961797,0.10371252,0.271621
567,0.570749,0.14355268,0.11576227,0.16993608
568,0.23303922,0.06814988,0.13512042,0.5636905
569,0.12899485,0.46816224,0.2211641,0.18167882
570,0.46239942,0.117615685,0.07450754,0.34547734
571,0.21595936,0.11881252,0.1495608,0.5156673
572,0.2385014,0.092228755,0.09113251,0.57813734
573,0.06318025,0.24502,0.13688354,0.5549162
574,0.588222,0.058182143,0.11770174,0.23589407
575,0.035315447,0.15815708,0.6906966,0.11583087
576,0.33965048,0.1646969,0.04077236,0.45488024
577,0.5161623,0.14770776,0.16907525,0.16705473
578,0.36621726,0.28607628,0.19703683,0.15066965
579,0.12569615,0.061656933,0.6012173,0.2114296
580,0.54610723,0.18558763,0.07502816,0.19327696
581,0.24668215,0.43539983,0.23012324,0.08779478
582,0.05436099,0.09187902,0.6540871,0.19967288
583,0.5784569,0.044961277,0.06659618,0.30998564
584,0.32924527,0.08386162,0.16169755,0.42519557
585,0.17230466,0.38422492,0.17756385,0.26590657
586,0.17857632,0.07453863,0.12912558,0.61775947
587,0.11380616,0.400235,0.18367149,0.30228734
588,0.14845099,0.53052735,0.15468307,0.16633856
589,0.3104421,0.11761001,0.109640464,0.46230745
590,0.32131523,0.17327715,0.0689575,0.43645012
591,0.50041425,0.23510744,0.065224946,0.19925335
592,0.114092425,0.123065844,0.11145789,0.6513838
593,0.16610621,0.21234344,0.15978198,0.46176836
594,0.3844119,0.45541108,0.082230546,0.077946454
595,0.25317377,0.47939458,0.15531082,0.11212082
596,0.09773623,0.60944396,0.1408068,0.152013
597,0.2408502,0.32843965,0.22843024,0.2022799
598,0.6229175,0.15734622,0.13583957,0.08389673
599,0.109171,0.5757561,0.22524343,0.08982952
600,0.13541646,0.5960497,0.14355227,0.12498155
601,0.19161059,0.19872402,0.118628494,0.4910369
602,0.1072632,0.15075922,0.6452816,0.09669598
603,0.45055476,0.15492342,0.16566996,0.22885184
604,0.16850533,0.14922982,0.08909699,0.59316784
605,0.060154896,0.09884368,0.63602275,0.20497869
606,0.08404541,0.09065558,0.21422097,0.611078
607,0.4795641,0.16802652,0.21963556,0.13277382
608,0.13821524,0.15723097,0.14774035,0.5568134
609,0.029805351,0.11665713,0.764938,0.088599496
610,0.6523228,0.12063645,0.09597608,0.13106464
611,0.513087,0.22195894,0.17458437,0.090369724
612,0.48211536,0.18325616,0.2500843,0.08454415
613,0.09821792,0.15083107,0.18071012,0.5702409
614,0.11374564,0.07564151,0.5356586,0.27495426
615,0.6672485,0.12454559,0.08953673,0.11866918
616,0.17648819,0.4479403,0.22987865,0.14569286
617,0.16353066,0.48140302,0.079379976,0.27568635
618,0.09170896,0.10793827,0.64084053,0.15951224
619,0.49124375,0.1744516,0.09533529,0.23896937
620,0.14459367,0.10401106,0.13252944,0.61886585
621,0.4061781,0.37832174,0.06661898,0.1488812
622,0.5690419,0.17044213,0.08453024,0.1759857
623,0.49589306,0.19349356,0.067311,0.24330238
624,0.6341745,0.14812839,0.12616515,0.09153191
625,0.16246918,0.50102013,0.15665762,0.17985305
626,0.3139604,0.37609673,0.114143364,0.19579948
627,0.58907986,0.16743682,0.18457828,0.058904998
628,0.6464975,0.17969023,0.06887965,0.10493262
629,0.18396409,0.11559557,0.06718861,0.6332517
630,0.095413245,0.20844701,0.597935,0.098204754
631,0.06316531,0.40047187,0.47435912,0.062003717
632,0.121678196,0.657399,0.11184069,0.10908213
633,0.18242887,0.5770511,0.20084897,0.03967107
634,0.18490338,0.53148,0.16761485,0.11600175
635,0.55877864,0.16588326,0.15132383,0.12401424
636,0.089535564,0.54697156,0.06812778,0.29536512
637,0.16927372,0.17014204,0.604543,0.056041263
638,0.11507374,0.5871529,0.23080057,0.066972815
639,0.40442017,0.13180812,0.3032929,0.16047883
640,0.3631809,0.34255475,0.13779122,0.15647313
641,0.15261242,0.12025705,0.16753037,0.5596002
642,0.27276352,0.08710641,0.28769848,0.3524316
643,0.10987444,0.060216613,0.055231262,0.7746777
644,0.4796086,0.27365568,0.16402632,0.08270941
645,0.2377992,0.17146242,0.11092046,0.47981793
646,0.06952943,0.45233518,0.36307096,0.115064435
647,0.011864762,0.11569883,0.43248904,0.43994737
648,0.3224655,0.08463777,0.13567613,0.4572206
649,0.06673208,0.1401366,0.5705951,0.22253625
650,0.19983847,0.14510962,0.5664742,0.08857769
651,0.27814823,0.47908726,0.13116921,0.11159529
652,0.09367111,0.10529925,0.6148173,0.18621233
653,0.05167583,0.07637976,0.7130142,0.15893024
654,0.15189576,0.3025172,0.32826117,0.21732588
655,0.06873319,0.684832,0.17388506,0.07254978
656,0.17615393,0.53001666,0.1790357,0.11479372
657,0.07360017,0.17189944,0.44987392,0.30462646
658,0.10737052,0.07955239,0.41838652,0.39469057
659,0.19040874,0.56054014,0.16717738,0.08187374
660,0.43141592,0.10278386,0.075174086,0.39062613
661,0.13555649,0.61472297,0.1571608,0.09255977
662,0.057002794,0.6113842,0.10369294,0.22792003
663,0.5937299,0.17575252,0.076653115,0.15386446
664,0.06553778,0.153089,0.20789416,0.57347906
665,0.19104213,0.20608401,0.06747033,0.53540355
666,0.13833098,0.108347476,0.123146355,0.6301752
667,0.4700305,0.32336727,0.09563141,0.11097084
668,0.124504864,0.27569565,0.3756088,0.22419068
669,0.06444183,0.20651254,0.6667502,0.062295433
670,0.4716649,0.2406355,0.11130017,0.17639942
671,0.060099296,0.16611207,0.7052087,0.06857991
672,0.171196,0.2702237,0.13808736,0.42049292
673,0.34612748,0.17932521,0.06763468,0.40691265
674,0.3496837,0.26241544,0.28354558,0.10435528
675,0.13158901,0.6216975,0.13734558,0.10936791
676,0.575072,0.07594645,0.043000564,0.305981
677,0.20314242,0.18472488,0.38124934,0.23088337
678,0.60597545,0.22199757,0.07988836,0.092138626
679,0.10472583,0.11647634,0.2859969,0.4928009
680,0.5645414,0.077946514,0.09600484,0.26150727
681,0.09568953,0.16829245,0.09943741,0.63658065
682,0.4017357,0.20438728,0.31449497,0.07938207
683,0.15746592,0.4751025,0.11988393,0.24754763
684,0.15883881,0.59495836,0.19063789,0.05556493
685,0.46863544,0.09481785,0.13733386,0.29921287
686,0.41251558,0.34981465,0.09087417,0.14679559
687,0.5921193,0.11808429,0.10769791,0.18209851
688,0.17550349,0.26399615,0.10741848,0.45308188
689,0.13931908,0.60768235,0.21371523,0.03928335
690,0.5609955,0.15963605,0.13519171,0.1441767
691,0.30205992,0.1832396,0.073825195,0.4408753
692,0.13004409,0.21102972,0.14524403,0.5136822
693,0.07529093,0.0728582,0.6101221,0.2417288
694,0.11019498,0.16507864,0.54788095,0.17684545
695,0.09310884,0.5275389,0.24885055,0.13050169
696,0.2595024,0.41657105,0.23284459,0.09108193
697,0.2673145,0.21790142,0.27403784,0.24074626
698,0.14478381,0.43871963,0.18617657,0.23031999
699,0.608237,0.1979542,0.06471568,0.12909308
700,0.064604335,0.13398662,0.5987693,0.20263973
701,0.30674183,0.13756663,0.048669904,0.5070216
702,0.19145916,0.15165967,0.13900138,0.5178798
703,0.1440529,0.16882527,0.55418235,0.13293947
704,0.3102036,0.3621643,0.09836175,0.22927034
705,0.15719172,0.5848962,0.076886244,0.18102585
706,0.096269086,0.23917168,0.10134935,0.5632099
707,0.1856376,0.046156317,0.117864385,0.6503417
708,0.1256096,0.60708874,0.19004013,0.07726156
709,0.047924224,0.122190155,0.57825327,0.25163236
710,0.49958113,0.14151913,0.17236772,0.186532
711,0.540915,0.08350906,0.100407034,0.27516887
712,0.2106628,0.13077746,0.50432396,0.15423577
713,0.09592186,0.14993478,0.6838694,0.07027391
714,0.5893269,0.1745142,0.11919669,0.11696217
715,0.40519747,0.17771693,0.18431816,0.23276746
716,0.18059273,0.46287084,0.17345819,0.18307824
717,0.046787303,0.12335372,0.5771162,0.25274277
718,0.20649847,0.17917815,0.0692016,0.5451218
719,0.047655843,0.1953752,0.6744918,0.082477145
720,0.17778735,0.120854646,0.12775937,0.5735986
721,0.24685465,0.5490798,0.100267366,0.10379823
722,0.17107819,0.27577445,0.44831628,0.10483108
723,0.23525769,0.40917388,0.084430575,0.27113786
724,0.10645733,0.14716394,0.13658611,0.60979265
725,0.60385007,0.094079,0.09865797,0.20341296
726,0.28256372,0.10075464,0.05170617,0.5649755
727,0.08616583,0.16253307,0.56981385,0.18148725
728,0.23616514,0.10874285,0.32757488,0.32751712
729,0.05018355,0.11195591,0.6846399,0.15322065
730,0.48507443,0.22258373,0.18553449,0.106807366
731,0.074339,0.21460703,0.5425547,0.16849928
732,0.20338568,0.11726442,0.1352581,0.5440918
733,0.081537195,0.1105409,0.5194133,0.28850862
734,0.2528249,0.1521856,0.113458075,0.48153144
735,0.05849964,0.2001762,0.69068986,0.05063429
736,0.060577948,0.35874212,0.42263785,0.1580421
737,0.18764803,0.49241138,0.20396903,0.11597156
738,0.08345931,0.16605635,0.6578794,0.092604905
739,0.13364479,0.10125139,0.09295091,0.67215294
740,0.15315698,0.6013475,0.18051319,0.0649823
741,0.097090624,0.31045932,0.47487226,0.117577806
742,0.13106729,0.17137094,0.5830987,0.114463076
743,0.16749734,0.2353695,0.496563,0.100570165
744,0.66223204,0.17527653,0.13113488,0.031356547
745,0.056961358,0.13320751,0.6417606,0.16807057
746,0.13727035,0.57848895,0.12624548,0.15799521
747,0.106344566,0.2804971,0.5197382,0.093420096
748,0.34355435,0.09653409,0.34535682,0.21455473
749,0.072492175,0.22273158,0.5834415,0.12133473
750,0.56485385,0.16045196,0.13785861,0.13683556
751,0.09002698,0.4631285,0.19885607,0.24798845
752,0.628419,0.16123818,0.090165086,0.120177746
753,0.20680107,0.111663036,0.31239283,0.36914307
754,0.5394011,0.1261569,0.10696015,0.22748186
755,0.12503518,0.08205216,0.3227546,0.47015807
756,0.22244887,0.3502762,0.15902674,0.2682482
757,0.09937841,0.11330631,0.18268079,0.6046345
758,0.5049808,0.1357781,0.058180157,0.30106097
759,0.04627869,0.1185982,0.38001767,0.45510542
760,0.5213104,0.10373236,0.12722865,0.24772862
761,0.15289254,0.46602863,0.17123543,0.20984341
762,0.07656487,0.10441763,0.39151764,0.42749986
763,0.0466801,0.07100381,0.6694976,0.21281849
764,0.07290487,0.15246707,0.12329326,0.6513348
765,0.2673887,0.108652346,0.09180389,0.53215504
766,0.038493395,0.45034173,0.31564888,0.195516
767,0.090095304,0.1269119,0.7194946,0.06349824
768,0.18670338,0.15678781,0.58121836,0.07529047
769,0.1635877,0.49166888,0.26025444,0.08448899
770,0.0868694,0.1440961,0.45279565,0.31623885
771,0.23423645,0.44406193,0.1358552,0.18584642
772,0.10366905,0.21641183,0.5296256,0.15029351
773,0.05055398,0.17682542,0.59913504,0.17348558
774,0.5048082,0.21543846,0.18850102,0.09125236
775,0.14958072,0.15607643,0.56495684,0.12938601
776,0.10082799,0.08421342,0.64134634,0.17361227
777,0.1197013,0.21808386,0.60821587,0.053998984
778,0.6340591,0.17778467,0.053572554,0.13458371
779,0.18674678,0.08496275,0.5130376,0.21525288
780,0.15694511,0.554801,0.12325575,0.16499817
781,0.08620006,0.21196716,0.66686994,0.034962866
782,0.5023517,0.17720528,0.06293674,0.2575063
783,0.6184219,0.15648046,0.06738564,0.15771198
784,0.04236268,0.22342928,0.6289138,0.10529424
785,0.44359377,0.13178132,0.30799422,0.11663068
786,0.60406804,0.08942119,0.13422662,0.17228417
787,0.26295188,0.48072392,0.09985879,0.15646541
788,0.15195265,0.4866039,0.09179454,0.2696489
789,0.1998271,0.1214977,0.15179838,0.5268768
790,0.45989472,0.2382279,0.16504611,0.13683128
791,0.06274042,0.5490374,0.16431999,0.2239022
792,0.21799009,0.08678321,0.05282948,0.6423972
793,0.045044824,0.11737728,0.33157548,0.5060024
794,0.08484788,0.093666926,0.14059733,0.6808879
795,0.50913304,0.19186415,0.21749724,0.081505574
796,0.19400252,0.48541093,0.17793931,0.14264725
797,0.13540162,0.60765785,0.11879452,0.138146
798,0.21097173,0.44048065,0.113878876,0.23466876
799,0.063571006,0.098276235,0.24110395,0.5970488
800,0.08169089,0.11897393,0.5125749,0.28676024
801,0.50451154,0.17530064,0.19358864,0.12659918
802,0.058924444,0.12945645,0.6425703,0.16904882
803,0.08934886,0.4450708,0.24448182,0.22109853
804,0.22786327,0.075176895,0.14679971,0.5501601
805,0.055909913,0.51955336,0.3151818,0.10935494
806,0.55672723,0.18781708,0.08722158,0.16823411
807,0.059194453,0.68294704,0.15648851,0.10136999
808,0.112206295,0.42075837,0.19977613,0.2672592
809,0.5228902,0.13649018,0.22646163,0.11415798
810,0.083870664,0.21285053,0.5681073,0.13517153
811,0.21987632,0.5812645,0.12840562,0.07045357
812,0.21611641,0.19147718,0.081928775,0.5104776
813,0.08936104,0.42790788,0.42137304,0.06135801
814,0.036198054,0.29548863,0.59504616,0.073267184
815,0.28830418,0.41612655,0.17937987,0.11618938
816,0.110190436,0.17704108,0.65354306,0.059225444
817,0.07138963,0.17819938,0.5926858,0.15772517
818,0.392289,0.4587663,0.049349274,0.09959543
819,0.59367573,0.1060389,0.10149539,0.19879
820,0.078308955,0.09086746,0.74574137,0.08508223
821,0.46264774,0.2536634,0.18936786,0.09432104
822,0.23564698,0.46989688,0.05810647,0.23634969
823,0.0479566,0.6195749,0.24168333,0.090785176
824,0.3365584,0.054466918,0.07355941,0.5354153
825,0.17911646,0.2343657,0.52296525,0.0635526
826,0.09119416,0.22266562,0.56336826,0.12277194
827,0.12961005,0.47528666,0.23958187,0.15552141
828,0.21390007,0.1321779,0.29863405,0.35528797
829,0.19122885,0.13147572,0.11179492,0.5655005
830,0.15822595,0.15530424,0.4800191,0.20645072
831,0.17100795,0.1871047,0.5641824,0.07770495
832,0.14553101,0.10349077,0.10978516,0.64119303
833,0.11267481,0.13551639,0.5576893,0.19411951
834,0.06868581,0.13741286,0.31144717,0.48245418
835,0.026297947,0.14009067,0.744616,0.088995405
836,0.6700706,0.15001261,0.10523876,0.074678056
837,0.09634108,0.12854956,0.51986974,0.25523958
838,0.18331097,0.5542826,0.09865686,0.16374958
839,0.115850665,0.1929999,0.15630788,0.53484154
840,0.540082,0.12370953,0.09274747,0.24346104
841,0.17205487,0.103163175,0.49844575,0.2263362
842,0.101587184,0.1378908,0.60592073,0.1546013
843,0.032502927,0.11827682,0.30380985,0.5454104
844,0.19553734,0.16969836,0.1438333,0.490931
