,Prob_0,Prob_1,Prob_2,Prob_3,Prob_4,Prob_5,Prob_6,Prob_7,Prob_8,Prob_9
0,0.9774689,0.00040893347,0.0005576377,0.0,0.0035994363,0.006650949,0.0024089976,0.00022977941,0.0048552994,0.0038200675
1,0.0,0.85324377,0.038000707,0.009194352,0.03326514,0.0025721123,0.00658331,0.009810528,0.043991975,0.0033381155
2,0.016699214,0.082775354,0.5765914,0.04813336,0.03542075,0.0026595744,0.029288597,0.009796627,0.17957358,0.019061584
3,0.0,0.0143470485,0.06550789,0.70298046,0.015625,0.13294922,0.002954932,0.0018185023,0.027703345,0.0361136
4,0.11761579,0.014389441,0.022232506,0.002334869,0.6510153,0.008484163,0.067626044,0.054084998,0.017511744,0.04470518
5,0.00365021,0.042724445,0.0050246413,0.44928122,0.0,0.169866,0.009319091,0.00035511365,0.05354625,0.26623303
6,0.010491687,0.072218455,0.00962785,0.0036608658,0.0068847383,0.007474188,0.83279705,0.0,0.054919254,0.001925893
7,0.00046296295,0.0074480367,0.0032602814,0.027226543,0.05389136,0.03712452,0.0,0.7385662,0.041199513,0.09082059
8,0.012202084,0.052618235,0.103327096,0.049972016,0.0011934094,0.010717518,0.015695326,0.011476287,0.71222556,0.030572474
9,0.023297433,0.06689378,0.0071222903,0.1243252,0.044426948,0.06895903,0.0034722222,0.005070419,0.026991617,0.6294411
10,0.8627903,0.0017504739,0.014478092,0.003125,0.054930456,0.018932417,0.004284012,0.00022977941,0.032534435,0.0069450676
11,0.0006188119,0.7851108,0.015497871,0.019841982,0.08460372,0.0022657397,0.009665438,0.009370927,0.06742389,0.0056008324
12,0.003461177,0.13291697,0.6207128,0.035577375,0.010542306,0.051629458,0.0163228,0.0024038462,0.10881772,0.017615514
13,0.0,0.00901011,0.025615502,0.849597,0.0011792453,0.033323992,0.0,0.0024212121,0.030800598,0.048052333
14,0.008624918,0.009131173,0.00025406503,0.0020304203,0.94408166,0.008311818,0.0054496066,0.011540806,0.0020580576,0.008517467
15,0.0,0.005662725,0.002150087,0.005798884,0.008988494,0.919789,0.004734173,0.014541531,0.018578785,0.019756295
16,0.0013944126,0.019740837,0.036990386,0.018083835,0.027901525,0.011353972,0.81048954,0.01983173,0.040179823,0.014033929
17,0.007949471,0.019392492,0.036725875,0.024261976,0.14543013,0.0037489308,0.023614874,0.6424218,0.076782756,0.01967174
18,0.0030100108,0.06905808,0.010870552,0.09497842,0.030435426,0.03299186,0.0029084173,0.11595801,0.6051855,0.034603734
19,0.0001717033,0.04745843,0.0738412,0.23058222,0.0048076925,0.04869183,0.04976837,0.0051294193,0.018745987,0.52080315
20,0.79153955,0.0016875266,0.027293218,0.0012189582,0.0035076905,0.017041327,0.020180413,0.015364762,0.049049135,0.073117405
21,0.0,0.84323955,0.015979169,0.05602724,0.023457909,0.002232143,0.008580821,0.014812535,0.025024388,0.010646232
22,0.000822745,0.016984142,0.9474477,0.00924124,0.0,0.003918193,0.0017021023,0.0006684492,0.013869215,0.0053462163
23,0.0026041667,0.019033277,0.06656604,0.5859541,0.0,0.09048849,0.0,0.026593627,0.058694936,0.15006532
24,0.035205036,0.110966936,0.0356752,0.028788745,0.69307464,0.0042621596,0.011990222,0.013124018,0.065607116,0.001305929
25,0.0074832374,0.0056702318,0.0058567757,0.023645625,0.04146142,0.78744584,0.033883095,0.013314685,0.04637046,0.034868598
26,0.0055384776,0.09465879,0.025890587,0.009970102,0.028954694,0.01242618,0.7796599,0.0,0.04144178,0.0014594751
27,0.03997368,0.11110798,0.0018806561,0.018852897,0.2936268,0.014403365,0.01499183,0.32905197,0.042741816,0.13336903
28,0.034582432,0.046863593,0.09356794,0.02271916,0.04416167,0.041627698,0.027190072,0.0675142,0.5720011,0.049772147
29,0.0014243928,0.031054914,0.034341205,0.30809772,0.0,0.042419635,0.0013480393,0.00084723963,0.01531039,0.56515646
30,0.9565056,0.00040893347,0.0005576377,0.011418269,0.004896951,0.012206505,0.00773988,0.00022977941,0.0019039103,0.0041325674
31,0.008594183,0.13469462,0.07073787,0.15654281,0.014165221,0.029095443,0.0024038462,0.0037044021,0.01806886,0.56199276
32,0.0,0.007672538,0.0047138683,0.012831281,0.008180671,0.89586264,0.0022728012,0.0017686378,0.046020664,0.020676896
33,0.015990498,0.008858083,0.0246116,0.08690936,0.029155435,0.55556387,0.0,0.039514717,0.12915787,0.11023857
34,0.005482628,0.009323722,0.001656517,0.0020097753,0.009648812,0.0057797753,0.9427902,0.00390625,0.017442528,0.0019597847
35,0.009046053,0.017748253,0.044935673,0.010037307,0.0073651173,0.8355588,0.0009920635,0.010262727,0.045817055,0.018236956
36,0.8317421,0.0018853114,0.028296482,0.000738189,0.004028524,0.042551532,0.01860693,0.0026096604,0.01936405,0.050177224
37,0.004319853,0.012808667,0.051185656,0.24647819,0.0020924977,0.33763915,0.05647488,0.007883581,0.028938133,0.2521794
38,0.038322512,0.03268376,0.025047632,0.059618764,0.026618613,0.08993767,0.011805556,0.20180508,0.45265782,0.06150259
39,0.005284324,0.0051364265,0.01914647,0.15646246,0.0,0.05351293,0.00030637256,0.00084723963,0.02147567,0.7378281
40,0.002994228,0.044514608,0.045644782,0.05828461,0.006605772,0.017955117,0.0049215145,0.007930016,0.798585,0.01256434
41,0.008086124,0.043396525,0.0018988019,0.0020304203,0.912376,0.0070653795,0.0048161168,0.0153759755,0.0036487395,0.001305929
42,0.005048077,0.737282,0.0068096393,0.011459659,0.11496494,0.004738267,0.008278804,0.036584064,0.030468972,0.044365607
43,0.0021978463,0.03048441,0.0020268795,0.009859474,0.088104576,0.028917277,0.0,0.707023,0.012449265,0.118937224
44,0.001001756,0.016719239,0.0,0.0048014815,0.06740915,0.0052594636,0.0015625,0.8861015,0.010533548,0.006611378
45,0.0,0.042151634,0.05790926,0.79852384,0.0028409092,0.016632779,0.0108838165,0.0035276671,0.019854238,0.04767587
46,0.009692605,0.019780317,0.087986864,0.06357262,0.16938452,0.40481338,0.011160715,0.041078318,0.14590324,0.046627417
47,0.0045528016,0.69728494,0.006543874,0.08014759,0.07946439,0.028073974,0.0065078093,0.008614562,0.025640508,0.06316955
48,0.92793703,0.00040893347,0.002033497,0.000672043,0.009177459,0.010816501,0.037155587,0.001650234,0.0038017954,0.006346925
49,0.9662657,0.00040893347,0.0022377453,0.006042787,0.0026017488,0.0024984227,0.0044844244,0.0015625,0.0063783242,0.0075194365
50,0.0069668046,0.0875247,0.61362123,0.031511217,0.026672414,0.008825704,0.029794801,0.014067385,0.16396706,0.017048713
51,0.011760839,0.07299078,0.58094364,0.035900425,0.06791305,0.0051778895,0.017919388,0.038536437,0.15262252,0.016235037
52,0.0005387931,0.020123603,0.0044905464,0.008791979,0.23455434,0.03254568,0.013888889,0.5743644,0.024700044,0.08600171
53,0.009047644,0.054470204,0.08016739,0.034062684,0.009346751,0.010031986,0.01461925,0.06711585,0.68364096,0.03749731
54,0.035356928,0.16438444,0.3981409,0.030841526,0.05474806,0.016903909,0.02464996,0.079482816,0.16889182,0.026599627
55,0.9271113,0.0017736487,0.0015657023,0.0,0.013585577,0.0035364542,0.011975775,0.02366728,0.007755821,0.009028401
56,0.0048076925,0.82128185,0.0087067885,0.011756343,0.028068408,0.01590039,0.0046971203,0.014978897,0.037819285,0.051983207
57,0.0044992156,0.14409238,0.5888612,0.047171887,0.030030832,0.0036897943,0.01104071,0.012993485,0.15421323,0.0034072374
58,0.004996831,0.006939222,0.03040099,0.001032872,0.003203604,0.068367675,0.8770911,0.0,0.0070498977,0.0009178285
59,0.0,0.0597115,0.10184631,0.7553972,0.009538335,0.0094752265,0.0,0.0015650478,0.026937705,0.035528682
60,0.003125,0.068277866,0.038981725,0.7979144,0.0037342766,0.013728623,0.0015243902,0.019420046,0.022749726,0.030543968
61,0.031299815,0.025563838,0.019906655,0.035603043,0.1001649,0.045147903,0.014338235,0.6285869,0.05400186,0.045386888
62,0.0,0.013631365,0.01211433,0.8849697,0.0028409092,0.016616007,0.0072062085,0.010262581,0.020548997,0.031809896
63,0.0,0.06060037,0.10532605,0.72853506,0.0025550316,0.038895257,0.0,0.002279742,0.028321682,0.03348683
64,0.035296824,0.009160638,0.0030241935,0.008665459,0.8409354,0.03998683,0.055466425,0.0043647806,0.00067741977,0.0024220005
65,0.0044580377,0.0075074043,0.0011969582,0.000246063,0.0034596857,0.004388963,0.9423991,0.0,0.035425954,0.0009178285
66,0.014762456,0.0058616363,0.0017357514,0.0007848561,0.01066498,0.0060053426,0.9532948,0.0,0.0059723114,0.0009178285
67,0.0042056916,0.0038660485,0.0017357514,0.0074832374,0.0024569107,0.0056097726,0.91646975,0.0,0.039893873,0.01827894
68,0.04078781,0.035414632,0.021087399,0.012463184,0.69917214,0.02335193,0.030029213,0.09171931,0.0068816664,0.0390927
69,0.0021551724,0.050620355,0.017094746,0.060864054,0.12034491,0.19353533,0.011160715,0.24579512,0.077616565,0.22081305
70,0.0006465517,0.7820575,0.03675937,0.016331155,0.07966423,0.0057532005,0.0008259912,0.005206933,0.063039474,0.009715542
71,0.009046053,0.0058188946,0.008891016,0.00772777,0.0037801608,0.85909396,0.0022728012,0.005527878,0.04686536,0.050976083
72,0.76309454,0.022141831,0.003848174,0.0,0.10155823,0.04891821,0.0051918817,0.010035814,0.04243291,0.002778401
73,0.001877109,0.015718756,0.006271286,0.15278809,0.0,0.0969333,0.0013480393,0.004398376,0.021416767,0.69924825
74,0.00040584416,0.059913088,0.0368423,0.17365725,0.017533736,0.46640006,0.02904617,0.0002741228,0.16328323,0.052644208
75,0.023609204,0.115019485,0.58464503,0.03294453,0.022871388,0.012618366,0.048194747,0.042111013,0.11364681,0.0043394105
76,0.0029463354,0.08783858,0.050884195,0.025061004,0.041093927,0.056058735,0.007648689,0.020328794,0.6636021,0.044537645
77,0.026366556,0.17478597,0.45895886,0.06364032,0.052045677,0.02517395,0.004216134,0.03782777,0.15214638,0.004838366
78,0.9071929,0.00040893347,0.0061019924,0.00968862,0.012305735,0.022339692,0.011953138,0.0033547794,0.01687787,0.009776381
79,0.9747911,0.00040893347,0.0022377453,0.004961056,0.0028315282,0.0024984227,0.0044844244,0.00022977941,0.0016000908,0.0059569366
80,0.0001717033,0.8212756,0.038361683,0.007812538,0.033252027,0.0077394326,0.0021996174,0.014299101,0.036727224,0.038161054
81,0.0021178275,0.0054931934,0.0010653409,0.0048014815,0.02502301,0.002585124,0.0,0.9314886,0.009395181,0.018030256
82,0.013757245,0.036878426,0.0011969582,0.000246063,0.01022484,0.0039225454,0.9273502,0.0,0.0059723114,0.00045141063
83,0.0,0.046717856,0.07039512,0.65487874,0.024558747,0.026652563,0.0023503813,0.013688255,0.081060104,0.07969824
84,0.00089844747,0.024797263,0.8772884,0.01092804,0.0017098064,0.005005716,0.031849265,0.01408472,0.030519396,0.002918956
85,0.0048076925,0.76915485,0.014310468,0.03874724,0.055003908,0.028307406,0.0030704704,0.008133303,0.03409905,0.044365607
86,0.17443101,0.011841706,0.00864545,0.037568297,0.18932495,0.017057685,0.030845266,0.45614308,0.044482186,0.02966039
87,0.009196806,0.12710962,0.03131076,0.023043482,0.50316006,0.16127443,0.021364419,0.044601623,0.06597311,0.012965677
88,0.005466102,0.012918088,0.0017009905,0.002262192,0.008236599,0.004388963,0.94755226,0.0,0.015548924,0.001925893
89,0.0,0.07914418,0.099029,0.67554456,0.004638365,0.009547097,0.0015243902,0.003041937,0.053964213,0.07356629
90,0.0,0.7687486,0.0092217475,0.06840238,0.030094253,0.0044978824,0.0030704704,0.024965476,0.033303883,0.057695348
91,0.0,0.054056007,0.045938913,0.80865765,0.0068235183,0.015715094,0.0008259912,0.0066785687,0.02842843,0.032875814
92,0.010544557,0.014216154,0.08204545,0.2082482,0.00050403224,0.029234845,0.0,0.021175042,0.015547922,0.6184838
93,0.0048076925,0.77351534,0.015208627,0.015648134,0.07685486,0.029283969,0.009487881,0.010693331,0.060638014,0.0038621107
94,0.0053890715,0.004956956,0.008851601,0.009601378,0.02536982,0.010231257,0.0,0.9067268,0.009389001,0.01948411
95,0.015099,0.24468158,0.026344182,0.00726791,0.106561676,0.08198029,0.3907807,0.0034902177,0.11830011,0.005494359
96,0.026112689,0.20695995,0.014517385,0.020859499,0.03375953,0.109724544,0.03515199,0.08208473,0.46370202,0.007127672
97,0.013416393,0.058644548,0.00025406503,0.0013510726,0.8937246,0.0057110726,0.003135256,0.0068247383,0.0037509918,0.01318723
98,0.0,0.03272882,0.08480522,0.7907072,0.0025550316,0.010993472,0.0,0.0035417504,0.054122962,0.020545557
99,0.007936508,0.7475201,0.012053905,0.005677191,0.08476587,0.047552906,0.02991885,0.02901074,0.03312239,0.0024415671
100,0.013641388,0.060136326,0.00025406503,0.0021461612,0.8871198,0.0040228544,0.0049366755,0.013137533,0.006708964,0.007896225
101,0.75033015,0.0010022878,0.005748603,0.000672043,0.06221396,0.043868564,0.12068487,0.001650234,0.004565684,0.009263592
102,0.0015625,0.019395398,0.00244913,0.03781428,0.017246448,0.8229917,0.006719339,0.008770191,0.048308104,0.03474289
103,0.005859375,0.087848224,0.079032436,0.3272934,0.019860297,0.10039048,0.0049960813,0.22653651,0.11160698,0.03657621
104,0.026376989,0.07366846,0.038016383,0.00726791,0.28460264,0.028599251,0.47505483,0.006887728,0.057312697,0.002213109
105,0.013151898,0.0035663252,0.028216107,0.23554364,0.00050403224,0.0248664,0.0,0.0021800117,0.0060807616,0.68589085
106,0.016568536,0.1749725,0.030962951,0.0025201612,0.08516322,0.025944224,0.56763035,0.0018382353,0.08684795,0.007551868
107,0.0016268764,0.761404,0.019086745,0.030321538,0.06675246,0.008404133,0.011249539,0.016090848,0.06371104,0.02135286
108,0.013740306,0.004609219,0.0,0.006057665,0.08339724,0.012581573,0.00023854962,0.8652971,0.0061669378,0.0079114465
109,0.0025510204,0.017402977,0.0054644807,0.012430961,0.0034322944,0.89878446,0.0069249314,0.0031179138,0.025031103,0.024859844
110,0.009363949,0.038688965,0.0045968285,0.0028466599,0.75296086,0.08465408,0.016710537,0.047447737,0.033471666,0.009258702
111,0.016952636,0.026240423,0.0065789474,0.01686318,0.7507504,0.14248694,0.0015515456,0.012826716,0.015285289,0.010463867
112,0.0031569286,0.0052237967,0.0032205132,0.0054940917,0.030928,0.005906481,0.0,0.9176347,0.008743626,0.01969183
113,0.000822745,0.20984702,0.6164523,0.018055225,0.051080134,0.009958792,0.0017021023,0.005363655,0.07568777,0.011030291
114,0.008335599,0.049760222,0.06789358,0.029173862,0.0049068835,0.010907446,0.011697817,0.021415766,0.7779544,0.017954439
115,0.024187908,0.12022063,0.509683,0.046656165,0.010692957,0.0072989534,0.01841169,0.012647521,0.22744994,0.022751221
116,0.011660674,0.037097517,0.60552794,0.03932067,0.020254662,0.015105977,0.026545554,0.009072388,0.2122595,0.02315514
117,0.0,0.0068542417,0.002150087,0.0039562588,0.006985563,0.90054923,0.0032973913,0.016446685,0.018918147,0.040842388
118,0.006582113,0.009672429,0.015351055,0.0077609653,0.020899473,0.016582908,0.0,0.8895582,0.011008482,0.022584397
119,0.009736936,0.051925637,0.032375734,0.037189614,0.0014368681,0.023746097,0.00064977916,0.0020586716,0.0062719653,0.8346087
120,0.0069444445,0.0780303,0.055279557,0.15062219,0.060936358,0.3566842,0.0007102273,0.06705384,0.08177522,0.14196365
121,0.011196343,0.009748531,0.0024092374,0.0021551724,0.8365919,0.013723893,0.002032315,0.049537845,0.008572818,0.06403194
122,0.004870348,0.21384518,0.09317675,0.086438686,0.013978261,0.012491008,0.017318778,0.01940913,0.5265361,0.011935742
123,0.0018530576,0.24266715,0.16693686,0.019075269,0.0068031703,0.009811758,0.003944537,0.0039663464,0.53103656,0.013905283
124,0.012166786,0.028799988,0.00025406503,0.0017210145,0.9308249,0.0067102658,0.0048161168,0.008606743,0.0039496445,0.0021505237
125,0.005859375,0.009504402,0.061037652,0.2903779,0.0059016505,0.1032349,0.00030637256,0.0057142857,0.0738485,0.44421497
126,0.9473182,0.00021114865,0.002033497,0.000672043,0.0062376442,0.007503686,0.01809621,0.00022977941,0.0075629647,0.010134804
127,0.033843346,0.083054855,0.084469795,0.025624318,0.067503765,0.042116433,0.009506547,0.14185241,0.48706576,0.024962777
128,0.0074538463,0.06964662,0.018895352,0.041205354,0.0015816184,0.029635573,0.0014204546,0.006522177,0.065758675,0.75788033
129,0.0013979076,0.42724156,0.046720516,0.028385168,0.017735211,0.0862095,0.0054811635,0.024085626,0.34158722,0.021156134
130,0.9273497,0.0008824183,0.0036581997,0.0010080645,0.010447075,0.014686664,0.009561456,0.00022977941,0.029062212,0.0031144223
131,0.000984252,0.7200194,0.0074234884,0.093164906,0.022140037,0.018229166,0.00048076923,0.0048566204,0.011354279,0.12134709
132,0.00089844747,0.015395782,0.8495442,0.027393688,0.0022654608,0.017002372,0.0028603524,0.0019010729,0.07800551,0.0047330833
133,0.007421875,0.039977223,0.09447934,0.604333,0.010111768,0.027964879,0.0028409092,0.062701546,0.07738342,0.072786085
134,0.008934435,0.11735558,0.0014947293,0.0022748148,0.82489693,0.005136811,0.004025908,0.010510742,0.019713808,0.0056562372
135,0.014905428,0.011750132,0.043693382,0.019841675,0.0031037538,0.8408576,0.0051614265,0.011328125,0.03555101,0.01380742
136,0.004996831,0.019092,0.0017357514,0.0007848561,0.0025908588,0.0053925975,0.9536845,0.0,0.010804743,0.0009178285
137,0.001001756,0.019828836,0.0075546787,0.012969298,0.03711431,0.0005026055,0.0,0.8970202,0.010743872,0.01326443
138,0.004324495,0.18864162,0.04701445,0.021820152,0.0055685015,0.023122586,0.0016545269,0.018513314,0.67367613,0.015664192
139,0.010294755,0.008796332,0.007241635,0.03408504,0.00050403224,0.033967298,0.00030637256,0.0009585439,0.0063838735,0.8974621
140,0.9683522,0.00040893347,0.0015657023,0.009375,0.003252214,0.0043940046,0.00773988,0.00022977941,0.0019039103,0.002778401
141,0.0010080645,0.7285573,0.016162528,0.011666846,0.10462835,0.010463495,0.0104235485,0.042573746,0.037043195,0.037472934
142,0.0011002886,0.12489413,0.6046153,0.04313772,0.000695196,0.016816545,0.00055803574,0.017239768,0.17998974,0.010953283
143,0.0,0.014322854,0.0440717,0.8745933,0.0011792453,0.014403238,0.0,0.006718998,0.017326256,0.027384387
144,0.0012976885,0.14046931,0.0029671378,0.004298566,0.7534888,0.060177162,0.01169102,0.009268972,0.0076491623,0.00869219
145,0.0015625,0.05585266,0.049583394,0.043730892,0.01116015,0.7410433,0.008600563,0.0010245901,0.070221595,0.01722034
146,0.006375485,0.0069878534,0.0012132546,0.0011651806,0.031848494,0.0057797753,0.93451583,0.0,0.010154328,0.0019597847
147,0.001001756,0.037488956,0.0040355125,0.013573509,0.016338214,0.0005026055,0.0,0.8787944,0.03344193,0.014823134
148,0.0078125,0.025563136,0.050688934,0.017519206,0.004966709,0.015543794,0.024677323,0.0036149488,0.83353424,0.016079206
149,0.009056411,0.047877904,0.008632118,0.04362577,0.014927109,0.028103696,0.00030637256,0.0012774215,0.009248387,0.8369448
150,0.6565457,0.007027263,0.017369771,0.021936106,0.08319828,0.025304358,0.08149164,0.014114763,0.0070030037,0.08600914
151,0.0031674209,0.5331047,0.010257106,0.0038475636,0.12589616,0.017543003,0.03402348,0.06365693,0.04346916,0.16503444
152,0.0001717033,0.12533532,0.6300813,0.10699821,0.009579613,0.022855118,0.013423723,0.0051121307,0.060121275,0.026321622
153,0.0026041667,0.034259744,0.063789174,0.68879455,0.02643788,0.03246569,0.004150459,0.015774962,0.056799375,0.074924015
154,0.0074471813,0.1409619,0.0015320136,0.0118227415,0.7559876,0.0044778506,0.004012388,0.04300074,0.02509612,0.0056614983
155,0.1118254,0.016406534,0.0015582308,0.019899791,0.013086753,0.76793176,0.008429609,0.032824352,0.019975275,0.008062304
156,0.0044580377,0.0058616363,0.0011969582,0.00063668797,0.0028524802,0.004779588,0.9444182,0.0,0.034878563,0.0009178285
157,0.001001756,0.035378654,0.0,0.0046302415,0.049598236,0.0074366145,0.001953125,0.85522306,0.035782848,0.008995493
158,0.0063665668,0.21918263,0.014165021,0.04380955,0.024151612,0.0075116865,0.058574982,0.008762092,0.52146393,0.09601195
159,0.0074538463,0.013149236,0.00789723,0.08151609,0.0062445602,0.06700209,0.018657686,0.0017207391,0.009354481,0.78700405
160,0.93657786,0.00040893347,0.013057638,0.0,0.03543485,0.003525949,0.0020896432,0.00022977941,0.0048552994,0.0038200675
161,0.005743996,0.14066596,0.057590876,0.25698015,0.006664833,0.02237199,0.00030637256,0.0065773726,0.012371241,0.4907272
162,0.0025510204,0.011948554,0.025148097,0.018308166,0.0063033365,0.844041,0.0077439295,0.0026805156,0.06550902,0.01576636
163,0.0,0.03454291,0.00025614753,0.0029710368,0.005253571,0.9028709,0.0051614265,0.016041007,0.017719306,0.015183711
164,0.037085395,0.004261618,0.0077673374,0.0015804598,0.008166839,0.004675555,0.9242524,0.0046875,0.0068348693,0.0006880491
165,0.0,0.005195006,0.026841968,0.0054130293,0.0040516476,0.91158974,0.006598208,0.008996229,0.014567983,0.016746212
166,0.9617874,0.00040893347,0.01574581,0.0014888338,0.004908053,0.003525949,0.0071907155,0.00022977941,0.0016000908,0.0031144223
167,0.047511082,0.025201762,0.009221592,0.042239904,0.0009328358,0.033413906,0.00030637256,0.008363087,0.020575002,0.81223446
168,0.007937418,0.06901695,0.05067511,0.06040843,0.026955549,0.042987436,0.020183885,0.010345544,0.654728,0.056761682
169,0.00700113,0.007903475,0.008252343,0.034393247,0.0062445602,0.0638708,0.017133296,0.0009585439,0.0033507086,0.8508919
170,0.010971122,0.207338,0.034381922,0.07911803,0.023452526,0.0074588745,0.023508297,0.00779043,0.589572,0.016408786
171,0.00059958,0.16369475,0.014746076,0.004331159,0.73979974,0.018637452,0.022030307,0.009957529,0.016022975,0.010180444
172,0.0,0.67053753,0.006103679,0.09235477,0.053508706,0.0,0.0024038462,0.02204107,0.04989668,0.1031537
173,0.0021178275,0.0047720396,0.0077617695,0.011686216,0.020176755,0.017317267,0.0,0.89830315,0.027410934,0.010454025
174,0.001001756,0.002447529,0.009540779,0.03592145,0.02004312,0.0068158666,0.0,0.8982527,0.009584426,0.016392374
175,0.0,0.015711742,0.030949645,0.8701371,0.0011792453,0.007706809,0.0,0.0034589872,0.051180422,0.019676054
176,0.011597073,0.0034150484,0.002641016,0.009164552,0.0037801608,0.89836574,0.0037095828,0.0061656334,0.03416574,0.02699547
177,0.03858359,0.58236617,0.0093496675,0.079305574,0.14135492,0.015050552,0.011584062,0.032186665,0.023896476,0.06632232
178,0.8388997,0.0050948504,0.025881926,0.019873805,0.002484306,0.0022472406,0.031696174,0.00022977941,0.036097515,0.037494704
179,0.93136394,0.00021114865,0.0022377453,0.0025705646,0.037067056,0.0032300816,0.015092868,0.0015625,0.003028846,0.0036352559
180,0.0015494891,0.020723768,0.8925565,0.012928285,0.0,0.014334859,0.0026786646,0.00026260506,0.05133665,0.0036291834
181,0.0015494891,0.022133788,0.914897,0.015896274,0.0027902531,0.0051066875,0.0017021023,0.002621574,0.030383827,0.002918956
182,0.0021178275,0.013599002,0.0029761905,0.012352998,0.04580039,0.006982597,0.0056818184,0.8804599,0.013883895,0.01614538
183,0.0024038462,0.027813883,0.03250548,0.022007536,0.0017588629,0.0027496256,0.008643276,0.0043175207,0.8770101,0.020789888
184,0.00089844747,0.15888382,0.7612463,0.0230777,0.0017098064,0.008171325,0.0065326807,0.01408472,0.020444982,0.0049502063
185,0.86637926,0.011900155,0.0020560592,0.006329272,0.030037506,0.0074427044,0.033575132,0.00022977941,0.029821126,0.012229006
186,0.00045955883,0.78153384,0.012120025,0.015073283,0.05582281,0.0029046475,0.0010302198,0.020083107,0.061663516,0.049308978
187,0.007005838,0.13762748,0.72030854,0.003803195,0.003307327,0.026739987,0.0031225567,0.015345982,0.07857109,0.0041679763
188,0.0042056916,0.056195684,0.012152418,0.024222355,0.003642987,0.0056097726,0.8863989,0.0,0.0066543277,0.0009178285
189,0.0020032737,0.020703554,0.07013548,0.7535375,0.0,0.0071590105,0.0,0.0033912899,0.010619963,0.13244997
190,0.0,0.048702337,0.0287407,0.8031738,0.008805032,0.00982078,0.002566057,0.0028051946,0.013532866,0.08185323
191,0.0046296297,0.105533406,0.02512669,0.030923316,0.1413742,0.05893857,0.040996928,0.5747113,0.01192451,0.005841443
192,0.010451998,0.017823255,0.0690462,0.4582259,0.010529477,0.07558467,0.0,0.15019308,0.074835934,0.13330947
193,0.0,0.0052024815,0.01211433,0.9079868,0.00625,0.0063789184,0.0010416667,0.0028991639,0.012726714,0.045399882
194,0.029853282,0.25482747,0.018601341,0.0316705,0.5529061,0.0016102081,0.0046133497,0.040647265,0.061701886,0.0035686335
195,0.005482628,0.007902973,0.001656517,0.0011651806,0.004122792,0.005313103,0.9631323,0.0,0.009794336,0.0014301236
196,0.0044580377,0.006939222,0.0011969582,0.000246063,0.003203604,0.004388963,0.9715994,0.0,0.0070498977,0.0009178285
197,0.008272842,0.027030053,0.0064232512,0.016409855,0.00891279,0.010240607,0.91050017,0.0046875,0.0068348693,0.0006880491
198,0.0036764706,0.13503604,0.007437886,0.0472923,0.60679036,0.0095998,0.060760833,0.07344721,0.04375951,0.0121995555
199,0.010093933,0.012774752,0.0057215784,0.1003936,0.0011760753,0.08947213,0.0069379355,0.0019494644,0.026974356,0.7445062
200,0.0016268764,0.59260356,0.026150547,0.032193888,0.14392729,0.0009636564,0.011743709,0.021157773,0.15791188,0.011720798
201,0.0030898135,0.013409237,0.021599967,0.0177816,0.0044312025,0.82558805,0.03548705,0.005661601,0.059887946,0.013063551
202,0.9162971,0.00040893347,0.0022377453,0.002049731,0.008658053,0.006025949,0.05885738,0.00022977941,0.0021209242,0.0031144223
203,0.021812623,0.04279554,0.032651816,0.053045966,0.034051303,0.08279162,0.0010256914,0.0056966133,0.039018422,0.6871104
204,0.053188622,0.02165129,0.004455752,0.012740607,0.007506396,0.8225988,0.032774612,0.014206253,0.022196803,0.008680868
205,0.0030241935,0.011302325,0.72138685,0.11528516,0.012052689,0.012480098,0.005510441,0.012761947,0.087323874,0.018872397
206,0.004269738,0.15911053,0.040143184,0.029472752,0.016703533,0.015994733,0.019763097,0.021799454,0.646096,0.04664697
207,0.0032894737,0.1866219,0.5323891,0.031381164,0.009449405,0.04864953,0.016857596,0.006865998,0.13978484,0.024710996
208,0.8223438,0.009312485,0.0062700035,0.0026528013,0.12776546,0.0028315047,0.014325413,0.001973138,0.0055267657,0.006998603
209,0.50351846,0.05606406,0.008476778,0.00231678,0.09886579,0.06140272,0.15890697,0.009486607,0.079811245,0.02115057
210,0.0,0.8727125,0.010516503,0.017075602,0.027710482,0.0068108975,0.0033449414,0.017010856,0.02741593,0.017402269
211,0.0007156489,0.21356045,0.02853966,0.0436922,0.089295775,0.013232099,0.0009487769,0.5117987,0.045921784,0.052294917
212,0.0042056916,0.005329437,0.0017357514,0.0005387931,0.0028080342,0.0056097726,0.97220033,0.0,0.0066543277,0.0009178285
213,0.0,0.011553028,0.14225616,0.64260626,0.0,0.01065906,0.0,0.030700738,0.051189255,0.111035496
214,0.0015928919,0.08342082,0.79217774,0.026241047,0.00028935185,0.011330052,0.004000814,0.001996723,0.072682485,0.0062680724
215,0.0046845353,0.49206048,0.047528002,0.07243266,0.037600044,0.009012898,0.02158026,0.07188881,0.19671944,0.04649287
216,0.00077160494,0.02181682,0.003125,0.024541732,0.062134564,0.009178247,0.0,0.8486231,0.018751102,0.011057805
217,0.0010190217,0.020562945,0.07791512,0.55597097,0.010594669,0.013079183,0.0056818184,0.12837924,0.03775546,0.14904161
218,0.018382354,0.48835117,0.015704488,0.031998836,0.1565962,0.023977134,0.0046791444,0.15165067,0.04789922,0.060760777
219,0.0,0.014313141,0.038983557,0.8567025,0.0011792453,0.016664278,0.0042029615,0.005471182,0.034963336,0.027519768
220,0.01691308,0.0707134,0.01045266,0.01895577,0.011874536,0.13055402,0.00030637256,0.0035341892,0.033654336,0.7030416
221,0.027542893,0.7006121,0.015184649,0.0145254,0.07945572,0.017358473,0.013100732,0.004837368,0.100797094,0.026585514
222,0.001001756,0.0017482282,0.003437947,0.0077156886,0.018681116,0.0015462765,0.0,0.9456954,0.008991227,0.011182387
223,0.005482628,0.006429818,0.001656517,0.0015558057,0.010587335,0.005703728,0.91390604,0.00390625,0.04934175,0.0014301236
224,0.030845515,0.07441118,0.03230697,0.046557713,0.018518245,0.008763985,0.061161127,0.02478539,0.6056436,0.0970063
225,0.003922922,0.13131295,0.0015320136,0.0066059735,0.7788798,0.0018505927,0.024968911,0.02214433,0.018355807,0.01042666
226,0.010026041,0.025463453,0.11907758,0.5618392,0.012944694,0.04610846,0.0008259912,0.11157039,0.04548827,0.066655934
227,0.0012311637,0.64550936,0.03994772,0.0067899944,0.17927355,0.01469494,0.0033449414,0.023838352,0.073284894,0.012085083
228,0.010248555,0.25056717,0.0012779486,0.0062965676,0.67569166,0.011693007,0.011170507,0.0077807987,0.015571107,0.009702687
229,0.96781725,0.00040893347,0.0022377453,0.0030513338,0.0037506458,0.011338449,0.00509717,0.00022977941,0.0016000908,0.004468589
230,0.0,0.004383317,0.028735908,0.012872748,0.0019018308,0.79422903,0.006598208,0.115993604,0.02030542,0.0149799315
231,0.033373397,0.02329464,0.10917904,0.5016407,0.0061931023,0.03453392,0.0037565331,0.06005576,0.07225793,0.15571497
232,0.0064017456,0.006429818,0.0012132546,0.002689571,0.0028469407,0.0057797753,0.9594379,0.0055803573,0.0061364714,0.0034841748
233,0.0074538463,0.022919232,0.013611685,0.07488104,0.00050403224,0.026405327,0.00030637256,0.013182184,0.008025092,0.83271116
234,0.035708036,0.005240775,0.0011969582,0.005556648,0.00238262,0.06206259,0.85672843,0.000672043,0.00818442,0.022267487
235,0.0329914,0.45246285,0.012415105,0.0076499884,0.33201382,0.012883639,0.014951551,0.047454998,0.03873844,0.04843819
236,0.0054660416,0.012769456,0.014285714,0.005528822,0.014614313,0.0016458982,0.0,0.9270564,0.011286736,0.0073466557
237,0.0,0.035693824,0.03486789,0.016892599,0.01883842,0.75734377,0.03969339,0.005859375,0.07605153,0.014759189
238,0.011386846,0.17190054,0.04380002,0.08547148,0.49584407,0.0021172531,0.04785055,0.033985533,0.08990819,0.01773552
239,0.005410176,0.26017585,0.0045201583,0.0026381868,0.6708434,0.0016025852,0.007794375,0.022932813,0.02266464,0.0014177948
240,0.0010817748,0.012406956,0.0,0.012003948,0.07725553,0.015621735,0.0076349434,0.821419,0.042394765,0.010181331
241,0.009828185,0.12633465,0.63491184,0.017243978,0.0021762243,0.017678324,0.11583155,0.00080128206,0.07206895,0.003125
242,0.005625025,0.26074353,0.042352032,0.06133102,0.017659176,0.0037500453,0.010133416,0.011466671,0.5749401,0.01199901
243,0.003851744,0.0367831,0.8103405,0.025034593,0.0048348065,0.0042876685,0.050562125,0.005751387,0.05855406,0.0
244,0.007005838,0.16663468,0.6334483,0.009445643,0.0045782602,0.023064012,0.00941712,0.017654222,0.095675655,0.033076297
245,0.0,0.0053221327,0.00025614753,0.0025651928,0.0036301943,0.90316015,0.0051614265,0.036543317,0.0285613,0.014800105
246,0.00632837,0.020901043,0.0028409092,0.001523526,0.03328341,0.86355615,0.002839022,0.013707062,0.03131322,0.02370732
247,0.002811514,0.27209893,0.011012183,0.015556064,0.598231,0.0,0.010226462,0.0506219,0.037146643,0.0022953167
248,0.0023757988,0.23541735,0.044716578,0.027003178,0.011274254,0.022545325,0.0059581306,0.024876755,0.58824295,0.0375897
249,0.0069444445,0.40003556,0.07599232,0.020875541,0.046174064,0.0227927,0.0028925235,0.008239066,0.411277,0.0047767665
250,0.0031652045,0.18305467,0.0008436877,0.004678661,0.7297104,0.004773954,0.0029441772,0.038177997,0.022555608,0.010095628
251,0.007619442,0.011108084,0.004615617,0.06450272,0.002108911,0.031355966,0.0,0.0014573385,0.031092204,0.8461397
252,0.94430786,0.00040893347,0.0022377453,0.002049731,0.0036417134,0.0038272154,0.03704672,0.00022977941,0.004177548,0.0020727557
253,0.03389423,0.12965909,0.07182712,0.078083195,0.005762561,0.007966175,0.021669302,0.007654987,0.5929214,0.05056196
254,0.02518893,0.036311142,0.018478353,0.043916475,0.014398252,0.09515852,0.0036764706,0.014820419,0.2103333,0.5377181
255,0.0111590745,0.050804164,0.024993664,0.021546213,0.033998676,0.00983153,0.0100361835,0.028637497,0.78554606,0.02344693
256,0.951307,0.00040893347,0.010974305,0.0,0.01566084,0.0028047953,0.0104819145,0.00022977941,0.005636549,0.002495915
257,0.0,0.89041203,0.013487228,0.013159953,0.018317014,0.0012700289,0.0028897382,0.00734676,0.049668126,0.00344911
258,0.0025415525,0.051821757,0.7854942,0.0474735,0.0028092894,0.010457559,0.0022965316,0.0,0.070906974,0.026198627
259,0.0,0.010207608,0.023486327,0.66232216,0.015625,0.2209104,0.011939307,0.0020429995,0.017839039,0.035627175
260,0.005021864,0.008654518,0.011972815,0.0008445946,0.66099864,0.041584738,0.030029213,0.1494494,0.043505486,0.047938716
261,0.045597326,0.011513488,0.004366588,0.117501765,0.0018544823,0.6371824,0.029113121,0.0023844435,0.0063289143,0.14415745
262,0.015617201,0.005347992,0.006057754,0.018641999,0.009465858,0.044444527,0.8863649,0.0046875,0.008905902,0.0004664179
263,0.001001756,0.0035083566,0.0025188292,0.0066921255,0.020407466,0.01209524,0.0,0.92118675,0.011253432,0.021336071
264,0.0010416667,0.019581877,0.10473264,0.025695026,0.0031175585,0.0054283086,0.009525986,0.014473549,0.76977956,0.046623804
265,0.0029721658,0.009250104,0.04679689,0.039312195,0.08040555,0.1259361,0.002232143,0.1797124,0.12122369,0.39215875
266,0.9788536,0.00040893347,0.0022377453,0.0010080645,0.0034034236,0.004133588,0.006399253,0.00022977941,0.0012528686,0.0020727557
267,0.0036764706,0.63941944,0.030772025,0.05314433,0.042826187,0.0009636564,0.017484998,0.03198862,0.17850873,0.0012155691
268,0.007005838,0.058985732,0.8058874,0.0096535105,0.037980035,0.0030328624,0.0017021023,0.013392857,0.058730498,0.0036291834
269,0.00089285715,0.012533057,0.028851312,0.7671863,0.000672043,0.030891923,0.00224918,0.002104743,0.07159115,0.08302747
270,0.0096017085,0.033673707,0.00025406503,0.0052083335,0.92130446,0.006023713,0.0037131754,0.013569037,0.003925404,0.0027263835
271,0.0,0.01616816,0.035777252,0.013658444,0.020236375,0.66221404,0.0037095828,0.10402567,0.09998343,0.044227015
272,0.008286305,0.006429818,0.0017357514,0.0016294507,0.005678033,0.004675555,0.96745825,0.0,0.0031890357,0.0009178285
273,0.001001756,0.015156738,0.0,0.005793545,0.064147584,0.0036739742,0.00032216494,0.891972,0.01208495,0.0058472743
274,0.037953548,0.033585817,0.050582964,0.062409047,0.017064955,0.07587201,0.015065589,0.014770866,0.6737504,0.018944768
275,0.0036432676,0.036726374,0.019179549,0.021838361,0.1021942,0.08174833,0.0,0.3630288,0.06870984,0.30293128
276,0.97798973,0.00040893347,0.0005576377,0.0,0.0035994363,0.003525949,0.0024089976,0.00022977941,0.007459466,0.0038200675
277,0.0048076925,0.7338405,0.06101943,0.03518651,0.0704358,0.0012700289,0.006736803,0.011098488,0.070116155,0.005488584
278,0.009294967,0.016005503,0.75277054,0.017152378,0.0025009012,0.0149364695,0.0059014424,0.0019184492,0.15726012,0.022259234
279,0.0,0.00858086,0.011778309,0.90638846,0.0,0.0101480195,0.00224918,0.0028991639,0.024299564,0.033656433
280,0.022122934,0.018101871,0.00050403224,0.002016129,0.84558666,0.009344255,0.009049528,0.056201547,0.03222153,0.0048515317
281,0.0025510204,0.0033974878,0.00740759,0.012568226,0.005082244,0.8835687,0.00548815,0.001885835,0.047426425,0.030624326
282,0.012072607,0.0036328398,0.0017357514,0.0015804598,0.0046462696,0.011626068,0.95156527,0.0,0.009564299,0.0035764107
283,0.003233899,0.009672429,0.012053903,0.007884061,0.02544017,0.006430234,0.0,0.9185702,0.007492093,0.009223017
284,0.013334474,0.020061444,0.06967552,0.046096988,0.025054388,0.052452013,0.014679393,0.048845716,0.66763335,0.042166702
285,0.0076385755,0.010697423,0.008992867,0.05023382,0.00050403224,0.022833899,0.0018307628,0.0020396165,0.013258019,0.881971
286,0.8993269,0.00040893347,0.0014767554,0.004984446,0.006469126,0.049226377,0.002190466,0.025045956,0.0045080767,0.0063629597
287,0.004088462,0.010825865,0.03541025,0.024150409,0.0014368681,0.027205745,0.00064977916,0.027000211,0.02873975,0.84049267
288,0.0,0.008612358,0.00078125,0.06658645,0.009767977,0.8621055,0.0029053288,0.008969098,0.012014891,0.02825713
289,0.0064750253,0.00570599,0.029626623,0.088174514,0.009066021,0.7196127,0.03630698,0.00050403224,0.034975518,0.069552585
290,0.0040882155,0.005859104,0.0011969582,0.00063668797,0.028673718,0.008261306,0.91548765,0.0,0.034878563,0.0009178285
291,0.009581041,0.015804509,0.029299712,0.07750827,0.04589161,0.6478943,0.07854038,0.00050403224,0.0040682587,0.09090787
292,0.81146294,0.0011300873,0.0019163333,0.009722223,0.0019042724,0.112221934,0.004850899,0.0125,0.0072696316,0.03702171
293,0.007444512,0.007787558,0.015685776,0.03767004,0.006197614,0.10166899,0.00030637256,0.015393876,0.0647631,0.74308217
294,0.012202084,0.065696076,0.052661408,0.047757607,0.011227524,0.043046966,0.019393241,0.0052669924,0.6711291,0.071619
295,0.015287335,0.014243349,0.051279556,0.06426301,0.0015816184,0.15756604,0.0003434066,0.011607283,0.04220112,0.64162725
296,0.004269738,0.029134104,0.05225091,0.03882222,0.022022234,0.018575734,0.0131449895,0.02715167,0.7701101,0.024518346
297,0.0064190356,0.007073391,0.00025406503,0.00030940594,0.95937884,0.005668599,0.0055145947,0.010675915,0.0019797622,0.0027263835
298,0.0013618859,0.73348176,0.059220616,0.018295115,0.02597822,0.0057051796,0.09782011,0.0214929,0.03572529,0.0009189152
299,0.001001756,0.0019807185,0.0,0.009044753,0.017104054,0.0030132062,0.0,0.94758487,0.006766143,0.013504472
300,0.001001756,0.0038679834,0.0058907084,0.010643161,0.012745193,0.0022938405,0.0,0.9498626,0.008178611,0.005516171
301,0.0,0.016035222,0.09853685,0.7851585,0.0,0.0125222495,0.0039866637,0.0057601146,0.04030126,0.03769914
302,0.00390625,0.0760393,0.007603511,0.073671736,0.038781147,0.6872223,0.005598769,0.008041558,0.009301979,0.08983347
303,0.0,0.70104915,0.092666894,0.02529015,0.033782262,0.0065897703,0.027952915,0.018360056,0.09044806,0.003860774
304,0.9308701,0.00063056464,0.0022377453,0.0010080645,0.002484306,0.0029683944,0.03307485,0.00022977941,0.021360863,0.005135296
305,0.98038465,0.00040893347,0.0022377453,0.0014888338,0.0028315282,0.0032195766,0.0044844244,0.00022977941,0.0016000908,0.0031144223
306,0.00089844747,0.010120216,0.88836455,0.009428672,0.0022335495,0.019640805,0.032315537,0.0010638871,0.03041121,0.005523123
307,0.0015494891,0.02805616,0.8185855,0.010573175,0.0,0.0135983275,0.0109383445,0.0049298126,0.09518594,0.016583243
308,0.001001756,0.0010270744,0.003437947,0.0077134734,0.015688501,0.0019013901,0.0,0.9515335,0.0068702577,0.010826111
309,0.010515655,0.019490607,0.0663678,0.11417515,0.0025623264,0.04361107,0.012084655,0.004662089,0.6071188,0.11941186
310,0.006013775,0.013554532,0.90218276,0.012254979,0.0011455163,0.002164807,0.0017021023,0.01605931,0.041293055,0.0036291834
311,0.95426756,0.00040893347,0.012654412,0.0014888338,0.0141673125,0.0028047953,0.009263837,0.00022977941,0.0016000908,0.0031144223
312,0.00045955883,0.65817034,0.025775658,0.014715047,0.08454916,0.010044643,0.0023422677,0.030502688,0.16732791,0.0061127455
313,0.0025415525,0.048427112,0.787179,0.024967525,0.0038872138,0.010168207,0.033999432,0.0,0.06507765,0.023752289
314,0.0053711603,0.00905551,0.032112475,0.031771082,0.0013150075,0.030763531,0.81864613,0.0067483964,0.04706527,0.017151432
315,0.0,0.0042334893,0.0107241515,0.876922,0.0,0.0062528453,0.00224918,0.0018185023,0.06717135,0.030628484
316,0.0,0.0052024815,0.042937044,0.8750965,0.0,0.008692964,0.0049277516,0.003305008,0.023234637,0.03660364
317,0.001001756,0.001267459,0.003437947,0.0083198985,0.018440733,0.0015462765,0.0,0.94629306,0.008510457,0.011182387
318,0.0,0.006179044,0.010955047,0.87465906,0.0020833334,0.024338368,0.0036057692,0.0018185023,0.020025115,0.05633577
319,0.0,0.0052024815,0.011208648,0.8861108,0.0,0.0074640857,0.00224918,0.0330685,0.02450609,0.030190205
320,0.044056684,0.011026241,0.00025406503,0.0017210145,0.91280586,0.0070653795,0.0054496066,0.013336388,0.0034452444,0.00083951117
321,0.009699995,0.0054660663,0.0017357514,0.0015804598,0.005188003,0.0042799856,0.9660319,0.0,0.0051000137,0.0009178285
322,0.0064105215,0.0058616363,0.0017357514,0.0018265228,0.0055835727,0.004675555,0.96749306,0.0,0.005495583,0.0009178285
323,0.008268345,0.0058616363,0.0011969582,0.0021323243,0.0045416695,0.0030591758,0.9703122,0.0,0.003709869,0.0009178285
324,0.034754526,0.034370232,0.0030241935,0.026041666,0.68121994,0.0390024,0.071961194,0.09644466,0.009036383,0.0041447994
325,0.0036432676,0.037822228,0.017864244,0.021893395,0.084728055,0.051334035,0.013204967,0.24922076,0.18899478,0.33129427
326,0.0009920635,0.8899514,0.016643234,0.008284953,0.020384999,0.0017295878,0.0028897382,0.006151943,0.050115094,0.002857005
327,0.006342381,0.06337556,0.029168747,0.05763014,0.06245077,0.6155475,0.0046609878,0.003892081,0.07556651,0.08136532
328,0.9730597,0.00040893347,0.0022377453,0.0010080645,0.0037506458,0.003525949,0.009003419,0.00022977941,0.0049855076,0.0017902699
329,0.02819684,0.015084924,0.009741933,0.024006285,0.09565686,0.06561711,0.0023148148,0.32144114,0.12089708,0.31704304
330,0.012335527,0.02065076,0.01329605,0.03728982,0.017642971,0.7737169,0.0055622747,0.03747524,0.041412752,0.040617704
331,0.009361989,0.013941818,0.8987092,0.010044987,0.0008561644,0.0024541589,0.002260138,0.00026260506,0.05847976,0.0036291834
332,0.013605629,0.03143232,0.05665947,0.020915652,0.0031175585,0.011332076,0.1242819,0.008409782,0.7114161,0.018829502
333,0.0013777858,0.024080094,0.64672476,0.036366567,0.0005708834,0.024950407,0.0009765625,0.005323774,0.25162983,0.0079993345
